Coordinates of each corner pixel in degree decimal:
[[30.422919757611457, 20.051221192235907], [30.422923511733565, 20.049094143446997], [30.425187777003572, 20.049097655430806], [30.425184053559153, 20.051224704624566]]
(129, 129)
75 73 70 69 68 68 67 64 64 65 65 68 69 70 72 71 75 73 74 72 71 71 71 70 70 69 69 70 70 70 68 68 66 66 68 70 69 70 69 65 60 58 58 59 58 56 56 59 60 60 61 60 60 61 64 65 67 70 71 72 69 62 66 75 82 81 77 72 68 65 62 61 61 65 65 67 67 68 67 66 66 66 65 65 65 65 66 67 68 67 68 70 73 73 73 73 73 71 74 75 75 77 77 72 68 66 65 64 66 68 66 66 65 64 60 64 62 65 65 65 66 66 66 66 67 65 65 58 59 
72 72 69 69 70 70 67 65 65 65 67 69 71 72 70 69 73 72 72 73 71 72 71 71 70 69 69 70 69 69 67 66 65 65 67 69 69 69 67 62 59 58 58 59 58 56 55 59 58 60 60 60 61 62 64 65 67 68 69 70 68 62 60 66 75 72 70 66 61 60 58 57 59 64 68 68 69 69 68 66 65 65 62 61 64 64 64 65 65 65 70 75 79 78 74 73 71 71 71 73 75 71 73 69 70 67 65 64 66 67 66 66 65 64 60 61 61 64 62 65 66 66 67 68 69 67 67 61 61 
70 69 67 68 69 68 65 62 61 64 67 69 72 72 70 70 71 71 71 73 72 72 72 72 71 69 69 69 69 68 65 64 64 65 66 67 68 68 66 60 57 58 58 58 58 58 57 59 56 59 59 59 61 62 60 64 66 68 69 71 71 67 64 65 68 67 66 62 60 59 58 57 61 66 68 70 69 68 68 66 66 66 65 59 61 62 62 65 62 59 67 77 84 84 80 74 70 68 70 72 73 73 72 68 68 66 67 67 67 66 66 66 66 66 64 62 60 61 62 65 64 65 66 67 68 68 65 61 61 
67 66 65 66 67 67 62 61 60 62 65 67 69 70 71 71 71 71 71 71 70 70 72 72 71 70 69 68 68 67 65 64 64 65 65 67 68 68 67 59 55 55 56 56 56 57 59 60 57 57 58 57 58 59 58 62 64 65 69 70 70 70 69 69 67 66 62 59 57 55 53 49 55 61 65 67 69 67 70 65 65 62 64 58 59 60 61 60 56 54 60 69 79 80 72 69 66 66 68 70 71 71 70 68 67 66 67 67 67 67 67 66 66 66 64 64 60 60 61 62 62 64 66 66 68 67 66 64 62 
65 64 64 65 64 66 62 61 60 61 62 65 68 70 71 72 72 71 71 71 70 69 71 71 72 72 71 69 68 66 65 64 64 64 62 66 67 68 71 71 56 54 54 56 55 56 56 58 59 59 58 57 57 57 58 60 61 65 67 69 70 71 70 69 67 64 59 56 55 55 52 46 53 61 65 66 68 66 66 65 64 62 67 58 59 58 59 58 54 50 52 56 69 72 69 65 64 64 66 67 70 70 69 68 67 66 68 67 67 67 66 66 67 66 65 64 61 61 61 61 64 66 66 67 68 68 67 65 64 
64 64 64 64 62 64 62 64 60 61 62 64 67 69 71 70 69 70 70 69 70 69 70 69 68 74 69 68 70 67 67 66 65 64 64 66 67 68 69 69 58 57 56 56 56 58 59 59 59 59 58 57 56 56 56 57 62 64 67 69 70 70 69 69 67 62 58 56 56 54 54 49 52 60 62 66 67 66 66 66 66 64 67 60 59 57 57 57 55 55 54 56 62 65 65 62 60 61 66 66 67 68 68 68 67 66 68 70 70 68 68 67 67 66 65 64 61 61 61 61 65 67 66 67 67 67 66 65 64 
62 64 62 64 62 64 62 64 60 61 60 64 65 67 68 68 70 71 71 71 69 69 71 70 68 71 68 68 68 68 68 68 67 66 65 66 66 68 68 65 58 57 56 56 55 56 57 59 59 59 57 57 57 56 58 59 60 64 65 67 70 69 68 68 66 61 56 52 55 53 54 52 52 56 60 65 67 67 67 66 65 64 65 62 59 57 57 57 57 56 58 60 61 61 59 59 58 60 64 64 66 69 70 69 67 64 65 71 71 70 70 68 67 66 65 64 62 62 62 62 62 65 65 66 65 65 64 64 64 
60 60 60 61 61 60 60 61 62 62 64 65 65 66 66 67 68 68 68 71 71 70 71 71 71 71 70 68 68 68 68 68 67 68 67 68 68 67 65 61 58 57 56 56 56 58 60 60 59 59 57 58 59 58 58 59 59 64 65 66 68 69 68 68 66 65 57 52 55 55 55 55 53 44 56 59 64 66 65 62 60 61 61 61 59 57 58 57 57 53 59 62 62 60 57 56 56 57 59 64 66 73 72 71 68 62 61 67 68 67 68 66 67 66 65 65 65 65 66 65 60 65 61 61 61 66 66 66 65 
60 60 60 61 61 60 60 60 58 59 66 67 68 67 66 66 66 66 68 70 70 71 71 74 74 72 71 69 69 69 69 69 69 70 68 68 68 65 64 61 57 55 53 55 57 60 61 61 60 60 59 58 59 59 59 60 61 64 65 65 68 68 69 68 66 67 57 54 56 57 57 61 60 43 55 57 62 66 66 59 58 58 58 59 58 57 58 57 57 54 56 60 60 59 56 55 54 56 57 59 61 71 71 71 69 64 60 62 65 66 66 66 67 66 61 61 64 65 66 64 61 64 60 61 62 67 66 66 66 
61 58 60 61 61 61 61 59 55 55 59 64 66 65 65 65 64 65 65 69 69 70 68 70 71 70 69 68 69 69 70 70 70 70 70 69 68 64 62 60 57 56 55 56 57 59 60 61 61 61 60 60 60 60 61 62 64 64 65 65 68 70 68 68 65 67 56 56 59 60 65 70 69 56 58 62 65 69 69 60 59 58 58 59 58 57 57 57 58 57 56 58 58 58 56 55 55 56 55 57 65 67 71 70 66 62 61 64 65 66 67 68 67 66 65 62 61 61 64 61 60 62 62 65 66 67 66 69 65 
61 59 58 59 58 59 59 57 56 56 59 61 64 64 64 65 65 62 64 66 68 70 69 70 69 70 69 69 69 68 69 71 71 72 71 70 66 61 59 56 56 56 56 56 57 59 60 62 61 59 60 60 60 60 62 64 65 66 66 68 69 71 68 67 62 65 56 60 62 66 69 71 71 66 64 66 68 68 68 65 62 61 60 58 57 56 56 57 58 60 56 58 58 58 58 56 56 55 53 55 60 66 71 69 65 65 62 64 65 66 66 66 67 68 66 65 64 65 65 62 64 64 62 64 62 65 67 67 65 
62 60 60 59 58 59 58 58 56 58 59 60 62 62 62 65 66 64 65 65 67 69 71 71 70 70 69 68 67 67 69 71 73 73 72 71 67 62 60 54 54 53 54 56 58 61 62 62 61 58 58 59 59 60 65 65 66 67 69 71 72 71 69 67 65 58 58 59 61 66 70 71 70 69 68 67 68 68 68 67 62 61 60 59 57 56 56 56 56 57 55 54 58 58 58 56 56 55 52 54 57 59 64 64 60 61 61 61 59 62 65 67 68 69 68 65 65 65 61 61 64 61 60 61 62 65 66 65 64 
62 60 60 57 59 59 59 59 57 58 58 60 61 61 60 64 66 65 64 64 64 67 70 71 71 72 69 69 67 67 67 69 72 72 71 71 70 65 64 55 54 52 52 52 56 59 61 61 62 59 56 59 59 58 65 67 68 67 72 77 74 71 68 64 59 56 56 59 60 65 67 69 70 70 70 69 69 70 68 66 65 61 60 59 57 56 56 56 56 56 56 56 58 58 58 58 58 57 54 54 56 59 61 61 60 60 60 60 61 59 64 67 68 69 69 66 64 62 61 61 65 64 64 62 62 65 65 65 65 
59 59 59 58 58 59 58 58 58 57 57 59 61 60 58 60 64 62 62 64 62 66 68 70 71 73 69 70 69 67 67 68 70 71 71 71 70 66 60 57 53 52 49 48 53 57 59 62 62 60 59 59 60 61 62 65 65 62 70 77 75 71 66 60 57 56 56 60 61 62 67 67 69 70 70 70 71 70 68 66 61 60 59 59 57 58 57 57 57 57 59 59 58 60 60 61 61 59 57 56 57 59 60 61 59 59 60 61 61 60 62 66 68 69 69 66 64 62 64 65 64 65 65 62 64 65 65 65 65 
59 59 59 58 58 58 57 57 57 58 58 58 60 59 56 58 60 60 61 62 62 65 67 69 70 72 69 69 69 67 68 69 70 72 72 72 72 68 60 60 54 55 56 49 46 52 56 58 60 60 60 62 64 62 60 64 62 61 62 72 70 67 64 59 57 56 56 57 59 62 65 66 67 70 70 70 71 71 69 65 61 60 59 60 59 59 58 58 56 57 58 58 60 62 61 62 62 62 60 58 58 57 58 59 59 60 61 61 61 60 62 65 68 69 68 67 65 65 66 66 65 66 65 64 64 65 65 64 64 
61 61 60 59 58 58 57 56 57 58 58 58 58 58 56 56 58 59 60 61 62 65 66 68 69 70 69 70 69 69 69 69 70 70 73 73 75 72 66 61 61 62 61 55 49 53 55 56 59 58 59 62 64 65 65 65 65 64 66 68 66 65 62 59 56 56 57 59 59 59 61 66 69 70 70 70 70 69 69 68 64 61 60 59 60 60 59 58 58 59 58 57 59 59 59 60 61 61 62 60 59 56 57 58 59 61 62 62 61 61 62 64 68 69 68 67 67 66 65 66 68 65 65 65 65 65 65 65 65 
64 64 64 61 60 58 57 57 57 57 57 56 58 58 58 57 58 57 58 61 61 64 65 67 69 72 73 72 70 70 70 69 68 69 71 75 72 69 65 61 62 66 66 57 39 32 29 35 45 50 54 57 59 62 66 67 68 68 66 65 62 57 53 53 53 54 56 58 59 59 61 66 67 70 70 68 68 68 68 67 64 61 61 59 58 59 58 58 57 61 56 56 56 56 57 59 59 59 62 61 60 56 58 57 59 61 64 64 64 62 62 65 67 68 68 69 67 64 61 62 66 62 65 65 65 65 66 66 66 
65 65 67 62 60 59 58 58 58 56 56 57 58 57 59 60 59 59 59 59 61 62 65 66 66 69 71 71 71 70 69 69 66 68 69 75 72 71 67 65 66 69 73 74 62 46 32 28 42 50 55 58 58 59 64 67 69 70 69 68 67 65 55 52 50 53 56 58 59 60 62 66 68 70 69 68 68 68 67 66 64 62 62 60 59 59 59 57 54 65 56 57 56 56 57 59 58 58 59 61 59 58 58 59 61 62 64 65 65 62 62 65 66 66 67 72 68 61 59 59 61 62 65 66 66 65 66 66 65 
66 67 66 65 64 61 60 59 58 58 57 58 59 59 60 62 61 59 59 59 59 62 59 62 65 68 71 72 72 71 69 69 68 69 61 67 65 64 65 65 67 72 77 78 75 65 43 37 45 49 56 57 57 61 64 67 70 71 72 72 71 70 61 56 55 55 56 58 60 60 64 66 67 69 68 66 66 66 66 65 65 64 62 61 61 61 59 57 56 64 56 57 56 56 58 59 60 59 58 60 58 59 59 64 65 65 65 65 65 64 64 65 66 67 66 74 71 62 58 58 60 62 65 67 65 65 65 66 67 
69 70 71 64 64 62 61 61 61 59 59 59 59 58 58 61 61 60 60 57 59 62 61 62 69 69 71 71 71 71 71 70 69 70 67 65 62 62 65 66 69 73 77 80 80 70 55 48 48 50 56 56 55 60 62 66 68 71 72 72 73 71 67 61 61 59 56 60 61 62 65 65 66 66 65 64 64 64 64 65 65 62 61 62 62 61 60 59 58 59 56 57 56 56 57 60 62 61 60 59 59 59 59 62 66 65 65 62 64 64 64 65 67 69 69 71 71 65 64 62 62 64 65 65 64 65 64 66 67 
67 69 69 67 65 64 62 64 62 60 60 59 59 58 59 61 61 60 60 59 60 62 61 61 75 75 72 73 71 71 71 69 69 70 68 65 64 62 66 67 70 74 74 77 73 67 58 54 52 53 56 56 56 60 61 66 67 71 71 73 74 72 70 68 67 65 58 64 64 66 66 66 65 64 62 62 61 64 64 64 65 61 61 60 61 62 61 60 59 58 56 56 55 56 55 58 60 59 61 61 60 60 59 60 62 64 64 64 64 64 62 62 66 71 73 71 71 65 64 62 62 65 65 62 60 61 61 67 67 
71 71 70 69 67 66 66 67 62 61 59 59 61 61 61 62 62 62 60 60 61 62 60 58 71 75 71 74 72 72 70 68 68 69 67 65 65 64 66 68 71 75 71 71 69 65 59 56 55 56 56 56 56 59 60 65 66 71 71 73 73 73 73 72 71 70 64 68 67 69 68 66 65 65 64 60 60 64 65 65 64 64 62 58 61 61 60 60 58 56 56 56 58 57 55 56 56 57 60 61 62 64 64 64 64 64 65 65 65 64 61 58 61 68 69 67 66 64 62 65 62 60 61 60 59 60 65 66 65 
75 74 72 71 69 68 68 67 65 62 61 59 60 61 62 62 61 61 60 61 62 62 60 61 67 70 69 73 71 70 70 66 67 68 66 65 66 66 67 68 70 72 70 69 66 64 60 57 57 56 55 54 54 56 59 64 65 69 69 73 72 75 74 73 74 74 72 74 72 72 71 68 64 64 61 59 60 62 64 65 65 65 64 62 62 65 59 58 56 56 56 56 57 57 56 58 57 57 57 60 60 60 62 64 65 65 65 65 64 64 64 60 60 65 65 64 61 58 58 62 62 58 60 61 60 61 62 66 66 
82 80 78 74 71 69 69 69 67 65 64 61 61 62 62 62 61 61 60 61 62 62 62 65 66 67 68 70 70 69 69 67 68 67 65 65 66 67 68 68 69 69 68 67 62 60 59 58 56 55 54 54 54 56 60 64 65 69 66 71 70 75 74 73 73 72 73 75 73 72 71 70 64 64 64 60 59 60 61 64 64 62 61 60 61 62 61 60 58 56 56 56 56 55 55 57 59 60 59 58 57 58 60 59 61 65 67 67 66 65 67 62 64 62 64 66 68 65 58 64 60 60 61 60 59 60 62 65 67 
83 84 81 75 73 71 71 71 70 67 65 65 62 62 64 64 62 62 61 61 62 64 64 66 67 67 68 68 69 69 70 69 70 67 65 65 66 67 68 70 69 67 66 66 61 58 57 56 52 53 53 53 54 56 60 64 66 69 70 72 72 77 75 74 73 72 73 73 71 71 73 69 67 67 66 65 64 64 62 64 65 64 60 58 61 60 60 61 58 58 57 56 56 55 55 57 60 60 57 57 57 58 58 56 56 59 64 65 66 65 67 64 66 65 66 68 70 67 64 64 61 61 61 62 61 60 62 65 65 
80 84 81 75 73 72 73 73 71 68 66 66 65 64 64 64 64 64 62 62 62 65 64 67 67 67 67 67 68 69 70 69 71 70 66 66 66 68 68 68 69 69 67 65 62 61 59 56 49 50 49 52 53 55 58 60 62 65 67 72 73 74 73 74 74 74 73 73 74 73 72 72 70 70 66 65 66 65 65 66 66 65 62 60 59 59 59 58 58 57 58 56 56 56 56 58 60 60 59 58 56 56 58 55 54 57 60 62 65 64 66 65 65 65 67 67 66 67 66 64 62 61 62 65 62 61 61 60 61 
77 81 81 74 72 71 72 72 70 69 68 66 66 65 62 62 62 61 62 62 64 65 66 66 66 67 68 68 68 69 69 70 73 71 68 69 70 68 69 68 69 69 68 67 65 64 61 57 50 46 45 49 50 53 56 60 62 65 67 70 73 74 75 74 71 72 70 71 71 70 72 72 70 69 66 67 66 66 67 68 68 67 65 61 60 60 60 58 58 58 58 57 57 57 57 59 59 59 59 58 57 57 58 55 56 59 61 64 64 64 65 65 65 61 64 62 60 64 64 62 62 61 62 64 62 62 61 59 61 
73 77 78 74 70 69 70 71 71 69 68 67 66 65 65 65 62 62 62 62 62 62 66 66 66 66 66 67 68 70 71 72 73 71 70 69 70 68 70 69 69 69 68 66 65 64 60 55 52 49 45 46 52 53 56 58 60 62 65 68 71 72 73 72 70 70 69 69 68 70 72 72 70 69 67 65 61 65 66 66 66 65 65 64 61 61 60 59 59 59 59 58 61 60 60 61 60 59 59 58 59 60 58 56 56 57 61 62 61 64 65 66 65 61 61 60 59 60 61 62 61 61 62 62 61 59 57 59 58 
71 73 73 72 69 68 70 69 69 70 68 68 68 68 67 64 61 60 60 61 61 61 61 65 64 65 65 67 68 69 74 74 72 72 72 71 70 68 69 68 68 66 65 67 67 66 61 56 52 46 45 46 49 50 55 58 60 61 65 68 70 71 73 72 70 71 68 67 64 67 70 69 69 68 67 65 60 65 65 65 65 61 64 62 62 61 60 59 60 59 60 60 64 62 64 65 61 60 59 59 61 62 60 57 56 55 58 59 59 61 65 65 65 64 62 64 62 60 61 62 62 62 65 66 61 53 48 57 56 
70 71 72 70 67 67 68 68 67 68 68 68 68 68 66 64 61 60 59 59 59 59 60 62 62 61 65 65 68 69 73 73 72 71 71 71 69 67 68 69 68 68 65 68 66 65 60 56 52 48 45 46 46 48 55 57 59 64 64 67 68 70 71 71 70 69 68 65 61 64 68 69 72 69 66 64 62 64 64 64 64 60 60 60 60 61 59 59 60 60 60 60 64 61 64 66 60 60 57 57 61 64 62 60 58 57 57 57 57 60 62 61 61 61 62 64 62 64 62 62 61 64 66 71 71 62 56 61 57 
69 70 70 71 69 68 67 66 64 62 66 66 67 66 66 61 60 60 59 57 58 58 58 59 60 61 64 65 66 67 71 71 71 71 72 72 70 68 67 68 68 68 67 68 67 64 59 56 54 52 48 46 46 48 53 55 59 64 61 65 66 67 69 70 70 69 68 66 62 65 67 71 75 72 68 65 64 62 62 64 62 58 58 57 58 60 59 58 60 61 59 59 62 59 59 65 59 59 55 56 60 62 62 62 61 61 61 58 59 59 64 61 61 61 61 60 60 67 65 61 64 65 64 66 66 62 59 59 60 
71 74 74 72 70 70 70 67 64 62 62 64 66 64 65 60 59 59 59 57 57 57 58 58 59 62 62 64 66 67 69 71 71 71 72 70 70 69 68 69 68 68 68 68 67 66 61 57 55 53 49 49 46 43 44 45 56 60 60 66 66 67 69 69 69 69 68 66 65 68 69 74 75 74 71 68 66 62 62 64 61 59 58 56 56 60 58 56 56 58 59 59 61 60 59 60 60 60 56 55 57 57 59 60 60 61 61 60 59 54 61 58 58 60 60 59 57 57 58 57 60 59 60 59 58 57 57 59 60 
71 75 74 73 71 72 72 69 67 65 64 62 62 62 62 58 59 59 57 56 56 56 57 57 58 60 61 62 65 66 67 71 71 71 70 68 70 69 69 68 68 68 67 70 70 70 65 59 56 54 53 55 53 46 42 43 54 58 62 66 67 68 71 69 69 69 67 65 66 68 71 74 75 74 71 69 68 66 64 62 61 58 58 59 57 61 64 57 48 56 57 60 61 60 61 60 61 62 58 57 58 57 60 62 64 64 61 60 59 56 57 57 59 59 59 60 60 60 61 59 59 59 59 59 58 57 57 57 61 
67 71 72 72 72 74 75 75 74 70 68 66 64 62 60 57 57 57 55 56 56 56 56 56 58 59 61 62 64 65 67 72 71 70 68 68 70 70 69 68 67 66 67 70 71 71 66 61 56 56 56 59 60 56 50 49 53 56 62 65 67 69 71 70 70 68 66 64 64 66 69 72 72 71 73 69 69 68 65 64 62 61 60 61 60 62 71 72 58 62 60 62 62 62 61 60 61 62 61 62 61 60 64 64 64 62 62 62 58 56 55 56 59 59 59 60 60 59 59 60 61 59 58 56 56 57 59 60 61 
71 72 73 73 73 74 79 80 81 75 71 69 66 64 61 58 57 56 55 55 56 53 56 55 57 59 61 64 64 65 68 71 71 71 69 68 69 68 68 68 65 62 62 65 67 68 62 58 56 56 57 59 59 56 50 48 46 50 56 60 64 67 68 67 67 65 64 59 58 61 65 68 69 69 70 71 69 66 65 64 62 60 59 59 60 62 66 67 65 65 62 64 65 65 64 61 61 64 64 62 62 62 64 65 67 64 64 65 64 59 56 57 56 56 56 58 58 59 59 57 56 56 55 56 56 58 61 60 62 
73 73 73 73 74 73 79 81 84 81 74 72 68 66 62 59 58 56 56 56 55 53 55 56 57 59 61 66 65 66 68 71 72 72 71 68 68 67 68 68 64 58 58 60 62 64 60 56 56 55 56 57 59 58 46 48 35 42 50 56 60 65 66 68 68 62 62 58 50 54 59 64 65 64 64 67 69 68 67 66 60 59 59 58 59 61 62 61 62 64 61 64 62 65 64 64 65 64 62 65 64 65 66 68 67 66 64 65 66 64 61 60 56 56 55 56 58 58 58 58 56 55 56 56 56 58 61 60 62 
74 74 74 74 77 75 78 81 85 85 80 77 71 68 62 60 58 57 56 56 55 56 56 57 58 59 64 68 66 68 70 73 73 73 73 71 69 67 67 67 68 62 62 61 61 61 58 56 56 56 56 57 62 70 59 69 48 46 52 55 58 64 66 68 68 65 62 67 58 56 60 61 61 64 64 65 67 66 67 64 60 57 61 58 57 59 60 61 61 61 61 64 62 65 64 64 64 61 62 65 66 66 69 70 71 69 68 66 67 66 65 62 58 56 53 56 57 57 60 60 57 56 56 56 56 57 61 61 64 
75 75 74 78 81 83 80 81 84 84 83 79 72 71 67 64 61 59 58 57 57 57 57 57 56 56 62 65 65 65 70 71 72 74 74 72 70 68 66 66 68 67 66 61 61 59 59 58 56 56 56 56 59 60 62 66 56 52 56 56 59 64 67 67 66 65 65 65 61 58 55 59 58 61 62 64 65 65 64 60 59 55 59 57 57 59 60 60 60 61 61 64 62 65 65 65 62 58 56 57 61 65 68 72 72 72 70 66 67 66 66 66 65 60 56 56 58 58 62 61 58 57 57 56 56 58 62 64 64 
75 77 73 77 87 93 91 86 83 81 82 79 74 71 68 65 64 62 60 59 59 59 59 61 59 59 62 64 64 64 68 71 71 74 72 71 70 67 66 66 66 66 65 61 57 58 57 57 56 56 55 56 56 58 59 58 56 52 54 56 59 62 65 66 66 66 65 64 61 60 57 59 57 59 60 61 62 64 62 61 59 55 56 56 55 57 59 59 59 60 61 62 65 66 66 66 64 62 56 52 56 61 66 70 71 72 71 67 69 66 66 67 67 65 59 56 58 58 61 60 60 59 59 58 57 58 61 62 64 
78 78 67 68 82 94 95 91 86 82 80 77 72 72 68 67 66 66 64 59 59 59 59 61 62 64 65 66 66 64 68 69 72 72 73 73 72 69 66 66 65 65 66 65 59 61 57 57 56 55 54 56 56 56 56 56 55 54 56 57 58 60 64 66 66 66 65 64 61 61 60 57 58 60 61 64 65 64 64 62 59 56 55 56 54 58 60 60 59 60 62 65 66 66 66 66 64 69 60 56 57 61 66 69 70 72 72 70 70 67 67 67 66 64 58 56 57 56 58 57 59 59 59 58 58 59 60 60 61 
75 77 61 58 72 83 88 88 86 83 79 74 71 70 68 67 66 65 65 61 62 61 62 64 65 65 67 68 68 68 68 70 71 71 69 71 72 70 68 66 66 65 65 65 62 59 58 57 57 54 54 54 56 56 56 54 52 53 56 56 59 60 62 65 65 66 65 64 62 62 61 58 60 62 64 65 68 66 65 62 59 56 56 56 55 61 60 60 59 60 64 66 66 68 68 66 64 68 64 62 59 65 67 70 71 72 72 71 70 69 69 69 68 66 62 60 57 55 56 54 54 57 58 59 59 60 60 60 60 
73 77 70 58 67 74 81 83 85 82 80 74 71 69 67 67 66 66 65 65 62 62 62 64 65 67 70 70 70 71 73 73 73 72 68 69 69 72 70 68 67 67 66 64 61 59 59 57 56 54 54 56 56 57 57 55 53 53 55 55 57 58 62 64 64 64 64 65 65 64 61 59 60 64 62 62 68 65 65 62 59 56 56 54 55 58 58 58 58 61 64 66 68 70 72 70 66 66 62 62 55 62 65 69 71 72 71 70 71 72 70 70 70 71 68 66 61 58 56 55 50 50 56 56 57 58 58 58 59 
75 75 78 75 75 80 79 81 85 83 78 73 71 69 68 68 67 66 66 65 64 65 65 67 68 69 71 72 72 74 77 78 78 75 71 69 68 73 71 69 68 68 65 65 62 61 61 59 56 54 53 57 57 58 58 56 55 54 54 55 56 58 60 62 64 64 64 65 66 64 61 60 62 65 62 61 62 62 62 61 58 56 54 53 54 56 57 57 58 62 66 70 71 71 72 70 68 66 64 65 60 64 66 69 71 72 72 71 72 74 72 70 67 66 65 64 62 60 58 55 50 50 55 56 57 56 57 56 58 
72 73 78 79 79 80 79 81 81 81 77 72 69 67 67 68 68 66 66 65 65 66 66 68 70 70 73 74 75 75 79 80 79 77 74 71 70 73 70 68 68 67 66 66 65 62 61 61 60 56 55 56 58 58 58 57 56 56 55 55 56 57 59 61 65 65 65 65 65 62 61 61 65 65 64 65 61 59 62 61 60 56 50 48 52 55 54 55 57 64 67 70 73 72 70 70 68 65 64 64 64 65 69 72 71 74 72 72 73 73 72 70 67 66 66 66 65 62 59 56 54 53 54 55 52 56 55 55 56 
72 72 73 74 75 75 78 78 78 79 77 72 68 66 66 66 67 67 67 67 67 67 67 68 70 72 77 78 80 80 84 81 74 74 73 72 72 73 71 69 68 66 67 66 66 62 61 62 64 61 58 57 59 59 60 59 57 56 55 55 56 58 59 60 62 62 64 65 64 62 64 61 62 64 64 65 64 61 62 61 64 65 55 45 50 52 52 52 53 59 67 71 73 74 70 69 67 65 64 64 64 65 69 70 73 72 69 69 72 72 69 68 67 66 67 68 66 65 59 56 54 54 54 55 54 54 53 54 55 
71 71 71 72 71 72 75 78 78 78 77 70 68 67 65 65 66 67 69 69 69 68 68 69 70 73 77 79 82 84 92 86 74 75 73 72 72 72 71 68 68 65 67 66 67 65 64 64 66 67 62 60 60 60 61 61 57 56 55 54 56 58 59 61 62 62 62 64 61 61 64 62 62 62 64 65 64 62 62 64 69 67 64 52 50 50 50 50 53 58 65 69 74 74 70 69 67 64 65 64 64 66 69 71 73 72 71 70 71 70 70 69 68 68 68 70 67 68 62 57 55 55 55 54 54 52 52 52 52 
73 72 72 71 70 70 73 75 77 78 74 69 69 66 65 65 64 65 68 71 70 69 70 70 70 73 75 78 82 87 94 94 81 81 77 74 70 70 69 68 67 65 68 68 67 67 69 65 67 68 66 65 62 64 64 61 59 58 57 56 54 57 58 61 61 61 61 59 59 59 60 60 65 60 64 64 65 64 62 62 64 65 60 58 55 45 41 42 48 55 61 67 71 70 69 69 67 64 62 61 61 64 67 69 72 70 71 71 71 70 72 72 72 70 69 71 69 68 65 59 57 56 56 55 54 49 46 48 49 
73 71 70 70 69 69 71 73 74 74 71 68 68 65 65 65 62 62 65 69 70 69 72 72 72 74 75 78 82 87 88 87 86 83 82 81 71 72 72 73 71 67 68 68 68 69 70 69 72 72 69 66 67 66 65 64 60 60 59 57 48 56 56 59 62 62 61 60 59 59 60 60 65 62 64 64 60 61 62 62 65 66 62 60 60 54 36 41 45 53 60 67 69 70 69 66 67 65 65 62 61 64 66 68 69 70 71 71 71 68 68 72 75 73 71 71 68 67 66 61 59 56 56 56 54 48 40 42 45 
71 69 68 70 66 68 70 72 71 70 66 66 67 66 66 65 61 60 61 66 70 69 72 72 70 75 77 79 83 86 86 85 85 84 79 78 71 73 71 72 70 68 68 69 69 69 72 78 75 74 73 69 71 70 70 68 65 62 58 56 54 54 55 57 59 62 65 64 62 61 60 60 62 64 64 62 62 56 57 56 58 62 62 65 66 60 45 49 49 52 56 62 67 68 68 67 66 65 65 65 65 65 68 69 70 70 71 69 68 67 64 66 71 72 71 70 67 67 67 61 59 57 56 56 56 53 44 43 45 
71 68 67 70 64 67 68 70 71 68 65 66 66 65 65 64 61 60 60 65 68 69 71 71 71 74 75 77 81 83 84 85 83 82 80 75 73 71 71 68 68 66 67 68 68 68 69 73 75 74 73 71 73 70 70 72 71 65 59 54 50 53 49 46 46 55 58 61 64 64 62 61 60 61 66 65 68 60 62 54 56 60 62 65 64 60 53 55 52 52 56 60 65 66 66 67 66 65 65 66 67 67 69 70 70 70 70 68 67 67 64 62 67 69 70 69 69 68 66 61 59 57 57 58 60 59 55 52 52 
71 69 68 71 67 68 69 70 69 67 64 65 66 66 64 62 62 62 62 65 68 68 71 71 71 72 73 74 77 81 82 83 82 79 77 74 71 71 71 70 71 70 71 70 71 70 72 74 73 74 73 74 77 70 67 73 72 70 66 56 54 58 57 46 46 52 55 58 64 65 64 60 58 60 65 66 68 66 67 56 57 58 61 61 60 58 56 58 56 56 59 60 65 66 66 67 67 66 65 66 66 67 70 70 70 70 71 71 70 70 67 66 66 68 69 70 69 68 67 62 60 56 57 58 60 59 57 56 54 
68 66 65 68 68 67 69 70 68 65 64 65 64 64 62 65 64 65 64 65 66 67 68 69 71 72 73 74 77 79 78 78 78 78 75 72 71 72 71 71 71 70 71 72 72 72 74 75 75 77 75 78 79 80 73 74 73 71 68 62 62 68 65 56 55 53 55 57 62 62 62 60 58 60 64 65 65 67 66 60 60 57 60 60 59 58 59 59 57 58 59 61 65 66 67 67 67 66 66 66 65 66 70 69 69 71 72 72 72 73 72 69 69 68 71 71 70 70 68 64 59 57 56 55 55 59 57 56 56 
68 69 67 66 67 68 69 70 68 65 62 62 64 64 65 65 65 65 66 67 67 67 67 67 68 70 73 74 75 75 75 75 77 78 75 72 71 71 71 71 71 71 72 72 72 73 74 75 77 77 77 75 77 83 82 78 78 73 68 67 67 68 64 59 57 56 55 53 61 61 62 59 59 60 62 62 61 64 62 61 61 58 60 60 59 58 58 57 56 59 60 62 64 64 65 66 66 66 66 65 65 66 68 71 70 72 71 72 73 74 75 72 70 68 71 71 71 70 70 68 62 59 57 54 48 55 54 56 56 
65 66 69 69 69 69 70 70 67 65 62 61 60 62 62 65 64 67 66 66 66 65 65 65 66 68 71 74 75 74 74 75 75 75 74 73 72 72 72 71 71 72 72 74 75 75 77 77 78 77 75 73 73 79 82 81 81 77 70 69 68 64 61 59 59 60 56 53 61 60 62 60 60 61 64 64 61 60 61 60 60 59 60 60 60 57 56 56 57 61 62 62 66 65 65 66 66 65 64 64 65 66 68 71 72 74 75 80 77 74 75 74 71 71 71 70 71 71 71 72 69 65 62 59 56 55 54 56 58 
65 64 68 67 67 68 68 67 67 65 64 64 61 62 65 65 62 67 66 66 65 61 64 61 60 64 68 72 73 73 73 74 73 72 72 74 75 73 73 71 71 73 75 79 82 82 79 78 78 77 74 72 72 75 80 82 82 80 74 73 69 61 62 61 62 64 59 57 61 59 64 61 60 64 65 65 61 61 61 59 56 57 58 59 57 56 56 54 56 60 61 61 62 65 65 66 66 65 64 64 65 65 66 69 70 71 68 85 87 78 75 72 68 68 69 68 69 70 71 71 69 66 62 59 57 55 54 55 56 
64 64 65 65 70 70 68 67 67 66 65 64 62 64 66 66 65 67 66 67 65 59 62 60 56 58 64 68 70 70 71 72 73 69 71 74 75 74 73 70 70 73 79 84 91 90 84 81 79 77 71 72 72 75 81 84 85 82 79 78 73 61 64 62 62 65 61 60 62 62 64 59 62 64 62 64 62 61 62 62 59 57 58 58 56 56 53 50 54 56 57 59 61 64 62 66 66 67 64 64 65 65 65 66 67 65 59 73 81 78 74 70 65 64 66 65 64 66 68 68 68 66 61 59 58 56 55 56 57 
65 65 64 65 72 69 67 68 68 65 65 64 65 66 67 68 67 67 67 68 68 65 64 65 56 58 62 66 68 69 69 71 71 67 68 72 73 73 73 68 66 70 77 85 94 95 91 84 80 75 69 69 70 73 80 85 86 84 82 79 74 66 62 62 61 64 65 65 66 66 65 61 61 64 62 64 62 61 62 62 59 57 58 58 56 56 55 54 55 56 56 58 60 61 61 61 64 65 64 64 65 66 66 65 60 56 57 62 71 72 70 68 65 65 66 65 61 61 64 65 66 65 61 59 58 57 57 58 58 
67 66 65 64 69 68 67 68 67 62 65 62 66 67 69 69 68 69 69 69 71 70 66 68 60 61 64 66 67 68 68 69 69 66 65 68 70 70 72 66 61 65 68 79 88 93 91 85 79 74 68 66 65 70 78 81 85 87 83 79 75 70 62 61 61 61 64 67 67 66 65 65 66 66 66 66 65 64 60 60 59 58 58 58 57 56 55 53 55 56 56 58 59 60 62 64 65 66 65 66 66 66 68 71 67 61 60 65 68 70 70 70 68 67 67 65 60 59 60 62 65 64 60 58 56 56 58 59 59 
67 66 66 65 66 67 68 68 65 64 65 64 67 68 70 70 71 70 69 70 69 68 66 67 65 64 62 65 65 65 67 68 68 67 67 69 70 70 71 66 59 60 55 71 81 86 88 84 77 70 65 64 64 70 74 80 85 85 83 81 78 71 65 61 60 59 64 67 67 66 65 65 66 67 68 69 68 67 65 62 60 58 59 60 59 58 56 56 57 56 57 59 58 59 60 62 64 65 65 65 68 68 70 72 70 65 64 66 67 69 69 69 71 69 67 65 61 58 59 61 62 64 60 58 56 56 58 60 60 
68 64 64 65 64 66 68 67 65 64 66 66 67 68 70 71 73 71 70 69 69 68 65 65 65 65 65 65 64 64 65 67 68 69 68 69 71 71 71 70 70 70 59 73 77 82 80 77 72 68 65 64 61 66 69 78 85 82 82 79 74 69 61 56 57 59 61 67 67 66 65 64 65 66 67 68 68 67 65 64 60 60 59 60 59 58 57 56 56 56 58 59 59 59 61 64 65 66 67 68 69 69 70 71 68 66 66 65 66 68 69 69 72 69 67 66 62 60 60 60 61 62 60 59 56 57 59 61 62 
70 61 61 62 64 66 66 66 65 64 65 65 68 69 70 71 73 72 71 68 69 68 67 66 64 64 64 65 62 61 62 65 68 68 70 70 71 72 72 72 72 71 67 72 74 81 78 75 72 66 65 62 59 64 67 71 79 78 78 77 74 74 69 60 59 61 61 66 67 68 67 65 65 65 67 68 68 68 67 65 62 61 59 59 59 58 57 57 57 57 57 59 59 61 64 65 65 65 67 69 69 70 71 70 66 67 66 65 66 68 69 70 72 69 68 66 64 61 61 60 60 60 59 59 56 57 59 62 65 
71 66 64 64 62 64 65 65 65 62 61 62 68 69 70 71 71 71 68 68 70 71 71 67 65 65 65 65 64 59 60 62 66 67 70 71 71 72 71 72 72 70 70 72 77 81 78 75 71 67 64 60 59 62 65 67 72 73 74 75 73 72 68 62 61 61 60 64 66 67 67 66 66 66 67 68 68 67 67 66 64 62 61 59 59 59 59 59 59 58 58 59 59 62 64 65 66 65 67 69 69 70 71 70 67 67 65 64 66 67 69 71 72 68 68 66 61 59 59 60 61 60 59 58 58 58 59 62 67 
69 68 60 60 64 65 65 65 64 62 62 65 68 68 69 71 71 71 70 69 72 72 70 69 67 66 65 65 65 62 62 65 65 65 66 70 69 72 71 70 70 71 73 73 73 78 77 72 72 68 66 62 62 66 66 66 69 71 72 72 70 68 65 61 60 60 60 61 62 65 67 67 68 68 70 70 69 67 67 67 65 64 61 61 59 59 59 60 59 59 60 61 62 64 65 64 66 65 64 62 62 65 68 70 69 68 66 65 64 67 69 70 71 69 68 67 60 60 57 58 60 60 59 59 59 58 60 61 67 
69 67 59 54 57 61 65 65 64 65 65 67 69 71 71 71 71 71 70 69 71 71 68 68 68 66 65 66 64 61 61 64 65 65 68 68 68 69 69 70 69 71 73 73 73 75 75 72 73 69 68 66 66 68 68 68 69 70 71 70 68 67 64 62 62 61 59 59 60 62 66 66 68 70 72 73 71 68 67 67 65 64 61 60 60 59 59 60 60 61 62 64 65 67 68 66 67 65 59 52 48 54 60 67 71 70 68 67 67 68 70 70 70 71 71 69 61 65 57 60 59 58 59 59 60 61 62 64 65 
68 65 65 59 53 61 60 62 62 65 64 66 67 69 70 70 70 70 72 70 69 71 70 71 69 68 67 66 65 61 61 64 65 65 67 70 71 66 68 69 67 70 70 71 73 75 74 72 71 68 68 68 69 70 71 71 70 70 71 70 68 67 65 65 65 62 60 58 59 61 61 61 62 69 71 73 71 69 68 66 65 64 62 61 61 61 61 61 61 64 65 66 68 70 73 77 79 78 74 56 45 50 56 62 69 70 68 67 69 70 71 72 73 74 72 68 64 61 59 59 58 56 57 58 59 60 60 61 64 
66 61 56 54 50 59 60 61 60 65 65 69 68 70 69 70 71 73 75 73 70 73 72 71 70 70 69 68 66 62 61 62 64 65 67 71 71 68 70 69 67 70 69 69 72 74 73 71 70 69 69 70 71 71 72 71 71 71 71 70 67 66 65 65 65 64 62 59 61 62 59 56 59 68 70 69 70 67 67 66 65 65 65 64 62 61 61 61 62 65 68 69 70 72 77 85 92 96 96 69 56 57 58 61 67 69 69 70 71 72 71 74 74 74 71 68 67 65 64 61 60 57 58 58 58 61 62 64 65 
78 72 58 50 52 53 58 61 62 65 64 68 70 70 70 69 69 73 75 74 72 73 74 72 70 70 69 69 68 65 64 64 64 65 67 70 71 71 71 70 69 69 69 68 70 71 71 70 70 71 70 70 71 72 72 70 71 71 72 70 66 66 65 64 65 61 61 60 61 61 59 56 59 67 70 68 70 66 67 66 67 66 65 65 64 61 61 61 66 66 69 70 72 75 80 87 95 100 97 79 65 65 64 65 68 70 69 69 69 71 75 77 77 74 72 71 71 69 66 61 61 57 58 58 59 61 64 65 64 
83 78 64 57 56 56 61 61 62 65 65 67 70 70 71 69 66 71 73 73 72 73 77 74 68 61 62 65 66 66 65 65 64 66 67 69 70 70 70 70 69 67 68 68 69 69 68 67 67 69 69 69 70 71 72 69 67 67 69 69 67 66 64 62 64 61 61 58 57 60 58 56 58 61 64 64 67 64 67 68 67 66 65 62 64 62 61 62 67 68 71 75 77 78 81 86 90 91 86 77 69 68 66 68 69 69 68 68 70 71 81 77 77 74 70 69 70 69 67 64 60 59 62 58 61 62 64 65 64 
82 75 64 60 58 60 62 61 64 66 66 68 70 71 72 74 65 72 71 72 71 73 79 79 69 56 59 61 64 65 65 62 64 66 67 68 69 71 71 70 68 68 68 67 72 67 66 65 65 66 66 66 68 71 72 73 70 60 66 66 67 67 67 65 62 64 60 57 56 57 57 57 58 60 61 61 62 66 66 66 66 66 64 60 60 61 61 65 68 71 74 75 77 78 82 83 84 82 75 72 71 68 70 69 68 67 65 66 69 71 77 77 77 75 71 67 67 68 66 64 62 62 64 60 64 66 66 66 64 
81 71 59 56 56 59 61 62 65 66 67 69 69 73 74 78 68 72 69 72 70 71 77 83 75 67 67 64 62 64 65 62 64 65 67 68 72 73 73 72 71 70 68 67 73 67 68 66 64 65 65 65 67 70 73 74 74 65 66 66 66 68 68 65 62 61 59 58 57 58 57 58 59 59 59 61 62 64 66 65 65 64 64 60 60 62 64 65 67 70 75 75 77 77 81 80 81 78 74 74 74 72 72 69 69 68 66 66 68 70 71 72 72 73 69 67 68 69 67 66 65 65 65 65 65 66 67 65 64 
78 69 59 55 54 57 61 62 65 65 65 67 69 70 71 73 71 70 69 72 72 71 74 75 71 70 69 66 65 65 67 65 65 66 66 68 70 71 71 71 71 70 69 69 67 65 66 65 64 62 64 65 66 68 71 71 70 67 62 66 66 66 67 64 60 57 56 56 56 56 57 58 57 58 58 58 60 61 62 64 64 62 61 61 61 62 62 62 65 69 72 74 78 78 80 78 79 75 74 75 74 72 72 70 70 69 67 66 68 68 68 69 69 70 70 69 69 70 68 67 67 66 64 65 64 64 67 65 65 
74 65 57 55 53 56 60 64 65 65 65 66 67 67 69 70 71 71 72 72 73 75 74 75 72 71 69 68 66 66 64 61 66 66 68 71 72 71 72 71 70 69 70 69 68 66 65 64 64 64 64 62 65 66 69 70 70 69 66 66 67 66 67 65 60 58 57 56 56 56 56 58 57 58 57 57 58 59 61 62 64 62 60 55 57 57 58 61 65 68 70 73 78 81 82 79 78 75 74 75 74 73 73 72 71 70 68 66 64 65 66 67 69 72 71 71 69 70 67 66 66 64 62 64 65 66 68 67 67 
70 64 57 54 50 50 58 59 64 64 64 65 65 65 66 68 71 71 71 70 72 72 72 73 71 71 71 69 68 69 66 64 66 66 68 71 73 77 75 73 72 69 68 67 66 66 65 64 64 65 66 65 67 67 69 70 70 69 67 66 66 66 66 67 62 61 59 56 56 54 54 56 56 57 57 56 56 58 60 61 62 62 61 50 56 56 57 58 65 67 68 71 75 80 82 80 77 77 74 75 74 74 73 72 72 71 70 68 61 64 64 64 68 71 70 71 70 69 68 67 65 62 61 62 64 66 69 70 70 
68 62 59 56 53 53 59 60 61 60 64 62 65 65 66 66 67 68 67 67 67 71 72 73 73 71 69 68 68 67 65 66 66 67 70 73 78 79 75 73 73 71 68 68 67 66 66 66 65 65 66 66 68 67 70 70 69 68 67 67 67 66 67 68 66 65 60 57 56 53 53 54 53 54 56 55 56 58 60 61 62 66 64 55 57 56 59 57 64 66 67 69 71 75 78 77 74 75 74 74 74 74 73 72 72 72 72 72 65 65 61 59 64 67 68 69 70 67 67 67 64 62 60 60 61 62 65 69 72 
70 65 62 58 56 55 57 59 59 62 59 60 62 61 61 64 65 66 66 66 66 68 69 71 74 71 71 70 74 69 69 68 66 66 69 73 78 80 75 74 73 69 68 66 67 66 68 68 66 67 66 66 67 68 71 70 71 71 70 70 70 69 70 68 67 66 61 57 56 54 55 55 54 53 54 54 56 58 61 64 65 67 64 59 58 58 60 59 64 67 66 68 69 72 74 72 72 75 74 73 73 74 75 73 72 70 70 69 67 65 61 60 61 62 65 68 68 65 68 66 64 65 64 64 64 64 66 69 73 
67 64 58 55 52 52 56 58 61 64 62 61 61 59 61 62 65 66 65 65 67 69 69 70 72 72 73 69 75 70 70 69 69 67 70 75 78 77 75 74 72 70 67 65 66 67 69 69 69 68 68 68 68 70 71 70 71 74 73 72 72 72 71 69 68 66 62 60 56 55 57 57 56 56 55 54 54 59 60 64 65 65 62 60 58 57 60 59 62 62 67 68 69 73 74 73 72 73 72 73 73 75 74 73 70 69 69 67 64 64 64 64 62 60 61 64 66 68 70 67 62 62 61 61 62 64 65 67 70 
70 67 66 55 44 46 54 57 62 64 64 62 61 61 61 62 64 64 64 64 67 67 67 69 72 75 75 70 73 71 71 71 72 72 74 79 78 77 75 73 72 69 66 65 62 67 67 69 70 69 70 70 70 69 70 70 68 73 75 72 73 74 73 71 70 68 67 66 58 56 57 56 56 56 56 56 56 59 62 64 66 65 62 61 59 58 58 60 62 64 66 68 69 71 72 73 74 75 74 75 73 72 72 72 72 70 70 69 67 67 65 65 64 65 65 62 61 66 68 65 65 61 60 60 60 61 61 65 68 
75 77 87 74 59 57 58 60 64 65 62 60 60 60 60 61 62 62 62 62 64 65 65 68 71 72 70 68 71 71 71 71 72 74 77 81 81 81 78 75 72 69 68 65 62 65 62 65 69 69 69 70 70 69 69 71 69 71 77 71 72 79 78 74 72 71 70 68 65 57 58 57 56 56 58 58 57 59 62 65 68 65 62 59 59 60 61 61 62 64 65 69 69 71 72 72 72 72 72 72 71 72 72 72 72 70 70 69 67 66 67 65 65 65 65 62 62 65 65 65 65 64 65 64 60 60 60 62 67 
79 81 90 80 67 64 62 62 67 69 65 59 58 57 58 60 62 62 61 61 60 64 65 68 69 66 62 64 68 70 70 70 71 73 78 81 86 84 81 78 74 71 69 67 66 65 61 65 67 69 68 69 69 68 68 70 71 70 71 71 69 80 82 80 75 72 70 67 68 60 61 56 56 56 57 57 58 61 64 66 62 64 62 58 58 59 59 59 60 64 65 68 70 71 72 73 73 71 70 70 71 71 71 70 71 70 70 70 69 69 68 67 67 65 65 65 65 64 64 62 60 61 66 65 61 61 59 60 64 
82 81 80 73 67 64 64 67 71 74 69 64 60 58 57 59 61 64 64 60 59 64 65 68 69 65 61 62 66 68 70 70 71 74 80 82 87 86 83 81 74 69 70 71 68 66 64 64 67 69 67 68 67 67 69 71 73 72 72 69 57 71 78 77 74 71 68 66 67 65 64 61 60 57 58 59 61 61 62 62 59 61 61 60 60 62 62 59 58 60 66 69 69 69 69 72 70 69 68 68 69 70 71 72 73 72 71 70 70 70 69 69 69 67 66 67 65 64 64 61 57 58 62 64 60 60 58 58 60 
81 78 74 70 68 66 66 70 74 75 72 68 65 61 58 58 60 65 67 64 59 65 66 70 73 70 67 66 67 68 68 68 69 73 77 82 86 87 81 82 77 69 70 70 69 67 64 62 62 66 66 66 69 70 68 69 71 73 73 70 65 68 71 70 71 68 66 67 66 64 65 65 64 59 59 61 64 65 66 64 61 60 59 58 59 64 62 64 59 59 66 68 68 69 70 72 72 71 66 66 67 69 70 71 72 72 72 72 72 72 70 70 70 69 68 67 65 65 66 62 57 57 60 61 60 62 60 58 61 
78 75 73 70 68 67 65 70 77 77 72 68 66 61 60 60 61 65 67 64 61 62 66 68 73 72 70 67 71 68 66 64 65 68 71 80 85 84 80 79 72 71 71 72 70 68 66 64 64 64 66 66 69 70 70 70 72 72 71 70 70 72 73 70 68 67 66 65 65 65 64 64 65 61 60 62 61 65 65 65 64 62 61 60 60 61 61 65 61 62 65 68 68 69 70 72 72 71 66 66 66 68 68 69 72 73 74 74 74 73 71 70 69 70 69 67 66 66 66 64 61 60 60 60 61 64 65 61 65 
78 75 73 71 69 67 65 69 74 77 74 69 67 62 62 62 62 66 66 62 62 64 65 69 73 72 73 69 73 70 68 64 62 64 68 73 78 77 78 75 69 69 67 69 67 67 65 64 65 65 65 64 68 69 69 69 70 70 70 70 70 71 71 68 68 67 66 65 65 65 62 60 61 64 61 64 64 65 65 65 66 66 64 61 62 65 65 65 65 65 65 67 68 69 70 70 71 69 67 66 66 68 68 69 71 71 73 75 75 74 72 69 69 70 69 68 68 67 66 66 66 65 64 61 60 60 62 65 62 
79 77 75 74 71 69 67 69 73 79 77 71 71 64 60 61 62 66 66 64 61 61 66 69 71 74 71 71 73 77 73 69 62 61 65 69 72 73 73 73 68 66 66 68 68 68 66 66 66 66 66 66 68 71 68 66 68 67 69 69 70 71 69 68 68 68 66 66 65 64 62 59 59 61 60 61 66 66 65 64 64 64 62 60 61 65 68 66 68 66 67 67 67 69 70 69 69 67 67 65 66 67 68 68 69 70 73 77 77 75 75 71 70 70 70 69 68 67 67 68 66 66 67 65 59 56 57 60 60 
75 74 74 73 75 73 71 71 73 77 75 70 68 65 57 58 60 66 68 66 64 60 60 65 69 72 70 69 71 69 72 68 62 59 62 66 69 70 71 73 72 69 68 67 66 65 66 65 66 67 67 67 68 71 71 69 64 66 65 65 68 69 68 68 67 66 64 65 64 62 62 60 59 59 58 58 65 64 64 62 62 62 62 61 61 65 68 67 69 68 68 68 66 68 69 69 68 67 67 65 67 67 67 68 69 71 74 77 77 77 75 71 71 70 71 71 69 68 67 65 62 66 67 64 61 60 60 60 59 
75 77 77 72 73 72 71 71 72 74 77 74 70 66 59 61 62 65 68 66 65 61 61 65 68 69 66 64 67 64 68 68 66 61 64 65 66 68 70 71 73 72 70 68 67 66 67 66 66 67 67 67 67 70 72 70 65 67 65 62 65 66 67 68 67 66 64 64 64 61 61 61 60 59 57 57 61 61 62 64 64 61 62 64 65 66 67 68 69 69 69 69 66 66 67 66 67 68 68 69 67 69 68 68 69 70 73 74 74 75 73 70 69 69 70 70 68 67 66 65 64 64 65 64 61 62 64 64 62 
75 74 75 73 73 72 73 72 74 74 74 74 72 69 66 65 67 69 69 65 65 61 64 68 69 69 66 65 68 65 66 68 67 64 64 67 65 67 68 69 71 71 70 69 68 68 69 69 68 68 67 66 67 69 71 70 69 68 67 62 64 65 67 68 68 68 66 65 62 59 59 60 59 59 58 57 59 59 61 65 64 59 60 62 65 65 66 68 69 70 70 67 66 65 64 64 65 66 68 70 70 71 70 69 70 70 72 71 73 75 72 70 70 70 70 70 70 68 66 65 65 66 66 64 64 62 61 60 61 
75 77 77 77 75 72 73 73 75 78 75 72 71 70 68 66 67 70 70 66 66 64 66 69 70 71 68 68 69 66 66 68 68 68 66 68 67 67 67 68 69 69 68 68 68 69 70 70 70 67 68 66 67 69 70 71 70 68 68 64 64 66 67 67 67 67 68 66 61 58 58 58 57 56 56 56 56 57 59 61 61 61 61 61 61 62 66 68 70 72 70 69 68 67 66 65 65 65 68 70 69 70 75 72 72 71 72 70 73 73 71 70 69 70 71 75 71 67 66 65 66 67 66 65 65 65 61 60 59 
80 78 77 78 80 79 70 78 77 80 78 74 71 69 66 64 67 70 71 67 68 67 65 70 70 73 70 70 70 66 65 67 67 69 67 67 69 66 67 68 68 68 67 67 68 70 71 71 71 66 68 67 67 69 71 72 71 69 68 66 65 67 67 67 67 66 67 65 61 59 56 58 58 45 53 52 53 56 58 59 61 61 61 61 62 64 67 68 69 70 70 69 68 66 66 66 66 65 62 66 66 65 68 69 70 73 78 71 72 71 71 70 70 69 69 75 72 69 66 67 65 67 68 66 66 66 67 62 62 
81 80 80 80 83 81 70 79 74 82 84 80 75 70 66 65 68 72 73 70 71 72 66 74 72 74 73 71 69 65 64 65 67 67 66 66 69 67 68 67 68 68 67 68 69 70 71 71 70 70 68 67 68 69 72 73 73 71 70 67 65 67 67 67 69 69 68 66 62 60 59 62 66 50 54 50 50 54 56 58 61 61 61 64 64 65 67 66 68 70 70 69 67 64 64 65 65 65 65 66 66 66 66 67 70 71 73 71 72 73 73 73 71 68 67 71 69 69 70 69 66 68 68 68 68 66 67 65 65 
81 82 82 82 82 79 75 79 75 85 91 90 81 74 68 67 70 74 75 72 71 74 69 73 77 74 75 67 66 65 62 65 67 66 65 65 67 67 70 64 68 68 68 68 69 69 69 70 69 67 66 67 68 67 71 74 75 73 69 65 65 66 68 68 69 71 71 67 67 66 64 64 61 56 55 52 50 50 55 58 60 61 61 62 64 62 66 66 66 71 72 71 70 65 59 64 64 64 64 65 64 66 66 66 68 69 69 69 72 73 74 74 72 71 71 71 71 71 71 70 68 69 70 70 69 67 66 66 65 
82 83 84 83 81 80 80 79 79 86 92 96 84 79 71 67 71 77 78 73 71 71 69 69 74 77 77 67 62 62 61 65 68 67 66 66 66 69 70 67 69 67 68 66 67 68 69 70 69 67 65 65 65 64 68 70 74 73 70 67 65 66 68 68 68 69 70 69 66 64 62 60 57 55 46 52 52 50 56 56 57 60 61 62 65 65 66 66 61 67 70 70 70 66 62 64 64 64 62 64 65 65 65 66 67 67 67 67 71 72 73 74 73 73 73 73 73 73 73 73 71 70 71 70 69 68 67 67 67 
84 85 83 82 82 81 79 78 79 83 87 92 85 79 71 67 74 77 79 77 74 74 74 73 74 79 77 73 66 58 59 64 70 69 69 68 66 69 70 69 71 71 69 69 68 66 67 69 68 68 67 65 65 62 69 72 72 72 71 69 68 68 68 67 67 69 70 69 67 65 64 62 60 56 50 50 50 50 55 56 56 59 60 59 60 61 64 64 64 65 66 67 67 65 64 64 64 64 62 65 65 66 66 66 66 66 66 66 68 70 72 72 72 73 74 74 73 73 73 74 71 71 71 71 70 71 70 70 70 
85 83 83 81 81 80 78 77 78 81 85 87 84 80 73 69 72 77 77 77 80 81 78 75 75 75 74 74 69 61 62 62 69 70 70 68 68 69 70 72 74 74 72 71 69 68 68 67 67 68 67 66 62 60 67 70 71 71 71 69 68 66 66 67 66 68 68 68 67 66 62 61 57 54 48 44 46 50 53 56 56 59 60 59 60 61 62 65 65 65 62 64 64 64 64 62 61 61 60 62 65 66 66 66 66 65 65 65 65 68 69 70 71 73 74 74 73 72 72 73 73 72 72 73 72 74 75 74 73 
85 85 85 85 83 80 78 77 77 80 84 85 84 79 72 69 70 75 75 74 78 82 80 80 80 80 80 78 71 64 62 66 70 70 70 69 70 71 72 73 73 73 75 74 72 71 70 69 70 69 69 68 65 64 67 70 69 71 71 69 69 66 66 67 66 67 68 68 66 66 64 59 56 54 49 44 44 50 52 56 56 58 60 59 59 61 64 66 66 67 62 61 64 64 64 61 60 60 60 61 64 65 65 66 66 66 66 66 66 67 68 69 70 73 73 73 73 71 72 73 74 73 73 75 73 74 74 73 74 
85 82 81 82 75 75 77 73 77 77 81 83 80 73 69 72 73 74 77 80 81 82 84 83 81 79 77 73 68 62 60 62 64 68 67 69 67 69 70 71 71 73 75 77 74 73 72 73 73 71 70 68 67 67 69 70 70 69 71 70 70 67 67 66 65 66 68 68 68 67 65 60 57 55 50 44 44 49 54 56 57 57 59 58 57 60 64 65 66 66 64 60 62 62 62 61 60 60 61 61 62 65 65 66 66 67 66 67 68 68 68 68 70 73 72 71 72 70 71 73 73 74 77 72 72 74 72 72 74 
86 82 81 81 77 77 77 75 77 77 78 79 75 69 65 67 71 75 79 81 84 83 84 86 83 77 72 70 67 64 62 64 62 65 64 66 66 66 66 67 69 72 75 77 77 75 73 74 73 72 70 69 69 69 70 70 69 69 70 70 70 68 68 66 65 66 67 68 69 69 66 64 60 58 53 48 46 50 56 58 58 58 58 58 57 59 62 64 62 62 62 60 61 61 62 56 57 58 59 60 61 62 62 64 64 66 67 67 66 67 66 66 69 70 70 71 70 71 70 70 72 75 78 73 73 72 72 72 72 
84 81 80 79 79 79 78 79 80 79 78 75 69 64 59 60 65 70 73 75 81 81 83 84 85 78 72 68 68 66 66 66 66 66 66 66 65 64 64 65 67 70 74 75 78 78 74 75 75 73 71 71 70 70 70 69 69 69 70 70 72 71 69 68 67 68 67 67 70 69 67 66 65 64 56 53 52 53 56 58 59 58 58 60 59 59 62 61 61 61 61 60 61 66 70 52 58 56 58 60 60 60 61 64 59 64 67 67 68 68 65 62 65 68 70 73 70 71 68 68 67 68 70 73 74 74 72 79 82 
84 84 82 79 79 79 79 82 82 82 82 79 70 65 60 59 61 66 67 70 75 78 81 82 84 79 73 70 70 67 68 69 69 70 69 67 67 65 61 65 66 69 73 77 79 79 75 75 77 74 72 72 71 70 70 70 70 69 69 70 73 73 70 70 69 70 69 68 69 68 67 67 65 66 60 54 55 56 56 59 61 61 61 61 59 61 62 61 61 64 62 60 62 66 71 60 60 57 57 59 60 61 64 65 65 61 66 67 68 68 64 61 62 66 70 79 78 74 72 71 70 69 69 70 70 71 73 80 91 
83 84 81 80 81 81 81 83 84 84 83 81 75 70 66 62 62 64 62 65 69 72 75 79 80 80 73 69 70 67 68 68 68 68 68 67 68 65 61 64 66 68 73 75 79 79 78 77 77 74 73 73 72 71 71 71 72 70 69 70 72 72 69 69 69 71 72 71 70 67 66 65 65 62 61 57 56 58 59 60 61 61 62 64 62 62 62 64 64 64 64 62 61 60 61 57 59 57 60 62 62 65 64 62 65 65 66 68 71 70 68 66 64 65 70 78 79 74 73 72 72 71 70 69 69 70 72 74 79 
84 83 81 81 82 81 81 82 84 85 83 80 78 75 73 69 67 66 62 62 64 65 68 70 72 74 71 67 68 66 67 65 64 61 62 66 66 64 61 61 64 67 72 72 75 78 78 78 77 75 75 73 72 71 72 71 73 72 71 72 73 73 73 70 72 72 74 73 70 68 66 64 64 61 56 56 56 56 57 60 64 62 62 64 62 62 62 64 62 64 64 62 59 57 58 56 56 55 56 59 59 62 61 62 65 65 66 69 69 70 69 67 64 61 65 71 74 72 72 70 72 70 71 71 72 71 69 70 75 
86 83 83 82 82 82 83 84 85 84 83 80 78 75 74 72 72 69 65 66 62 62 62 62 65 66 65 66 66 64 66 66 64 55 61 62 61 59 58 59 62 65 70 70 68 72 77 77 77 77 74 73 72 71 72 69 70 73 73 75 73 71 73 72 72 73 77 78 72 70 69 66 66 65 58 56 56 56 59 61 64 64 65 66 65 65 65 65 65 66 64 64 61 58 56 55 55 56 56 57 58 61 61 62 62 64 66 68 70 68 68 69 66 65 66 69 71 71 71 69 72 70 71 73 77 77 73 74 81 
86 83 84 83 83 82 83 86 85 85 83 82 81 77 72 74 71 70 69 70 67 68 64 62 64 61 61 66 66 66 69 73 73 59 66 61 62 64 58 57 60 61 65 67 66 73 72 73 74 73 73 71 70 70 70 69 69 73 75 77 77 74 74 74 72 74 80 73 73 70 72 72 71 67 60 57 57 57 60 61 61 61 64 65 66 66 66 66 68 67 65 65 62 61 59 57 55 56 56 56 58 60 61 64 64 66 67 68 70 69 70 71 68 67 68 68 69 70 70 69 73 73 73 77 77 78 74 77 84 
87 84 85 83 82 81 80 85 86 84 83 85 87 84 80 78 73 70 70 72 71 71 69 69 67 64 65 66 67 68 70 70 72 66 67 62 64 64 60 59 62 65 65 66 68 68 70 71 73 75 72 70 69 69 69 69 71 73 73 77 77 74 75 74 74 78 82 80 79 78 74 73 71 68 64 60 59 58 61 64 61 61 62 65 66 67 68 69 68 66 66 66 64 61 61 60 57 56 59 57 60 61 61 64 65 67 68 70 72 73 74 74 70 69 67 66 66 68 69 69 72 74 77 77 73 68 67 73 83 
90 86 84 82 83 83 83 87 86 84 85 84 84 82 82 83 81 75 73 70 73 71 71 68 68 68 68 68 68 69 69 67 70 68 67 65 65 64 58 61 61 64 65 66 67 67 67 68 67 72 72 70 67 67 67 68 73 77 75 80 77 77 74 74 75 78 81 81 80 80 75 73 71 68 62 60 60 59 61 62 61 61 64 65 66 68 69 68 68 66 66 66 64 60 60 59 58 59 60 60 61 64 62 65 65 67 69 71 74 77 75 75 72 70 66 65 64 62 65 68 70 74 77 77 69 59 58 62 77 
92 87 83 81 83 83 83 88 87 85 85 86 83 81 81 81 80 77 72 71 73 73 69 70 69 70 70 70 70 69 67 66 69 70 69 68 67 68 61 62 64 65 65 64 66 67 66 66 64 66 67 67 66 65 65 67 75 81 80 82 79 77 75 75 78 82 87 90 85 82 77 73 70 67 64 60 60 61 62 64 62 64 64 65 66 68 68 67 68 66 65 65 61 59 58 56 57 59 59 59 61 65 62 64 64 67 69 71 73 75 74 75 73 71 67 67 67 56 57 64 68 72 75 75 69 58 55 45 61 
94 91 84 81 81 80 81 84 85 84 86 86 84 82 80 82 85 79 73 75 74 73 71 70 69 73 73 72 71 68 66 66 68 71 70 71 69 67 61 60 64 65 65 65 66 66 66 65 64 64 64 65 65 64 60 65 73 81 82 82 79 77 77 77 75 83 93 94 87 82 78 73 69 67 65 61 61 65 67 67 66 64 64 64 66 67 67 68 68 66 65 64 58 57 57 56 56 57 57 57 59 61 61 61 64 65 68 70 72 74 75 75 74 74 72 71 75 56 53 58 64 69 74 75 72 67 67 42 55 
96 91 85 83 83 81 82 82 81 81 82 84 83 79 79 79 80 74 71 72 72 70 68 71 71 74 77 75 73 70 67 66 68 70 71 71 70 67 62 61 64 66 67 68 67 67 66 65 64 61 61 64 64 62 57 60 71 79 82 82 79 77 77 79 73 79 87 88 84 79 74 71 69 65 65 64 62 65 69 70 67 64 65 62 67 67 68 68 68 67 65 65 58 56 56 56 56 57 57 56 56 58 60 60 65 65 67 68 70 74 75 77 79 83 82 79 78 71 57 65 66 70 73 77 78 78 73 61 59 
93 90 86 87 84 84 84 83 81 80 79 81 81 81 80 80 75 72 72 72 72 70 70 73 75 77 79 78 75 73 67 66 68 69 71 71 70 68 65 65 66 68 68 68 68 67 67 66 64 59 58 62 64 62 57 58 68 74 80 81 78 75 77 80 78 78 84 85 83 78 72 68 67 59 59 60 60 62 67 69 68 67 66 62 68 67 69 69 69 68 68 66 61 58 56 54 56 56 56 56 57 58 59 62 64 65 68 68 68 70 71 74 81 87 86 80 74 70 64 67 68 69 73 75 77 79 77 69 67 
87 85 84 91 86 86 87 87 84 80 80 80 79 80 75 75 73 73 73 70 72 70 71 75 78 80 81 79 78 73 67 65 66 68 69 70 69 67 66 67 69 69 70 70 68 68 67 66 61 56 56 59 62 64 61 58 65 71 77 79 77 74 77 80 82 83 86 87 85 80 74 69 64 54 49 57 58 62 66 67 66 65 66 66 67 67 69 69 68 66 67 65 59 58 56 56 55 53 54 54 56 56 57 59 62 64 69 69 70 66 65 69 74 81 84 79 74 70 66 67 71 70 71 74 75 75 78 79 79 
65 74 81 88 86 86 90 88 85 82 81 80 81 81 78 74 72 71 72 69 72 71 72 75 78 80 80 79 78 72 68 62 64 67 68 68 68 65 64 67 71 72 72 71 71 70 69 67 61 57 56 58 61 64 65 62 66 71 73 74 73 73 75 78 81 82 84 85 82 79 75 74 71 58 45 58 56 62 67 67 67 67 67 68 68 69 69 70 70 69 67 65 61 59 56 57 54 55 52 53 54 55 56 56 56 58 66 68 72 70 62 65 67 72 75 74 71 69 68 69 71 72 73 74 74 75 78 80 82 
67 75 82 90 92 90 91 88 85 83 82 82 82 82 79 74 71 67 69 68 71 71 72 75 78 79 79 78 75 71 68 62 61 67 68 68 66 62 61 64 70 73 72 72 72 72 71 69 66 64 62 64 65 64 65 62 62 67 70 70 68 70 72 74 77 80 81 83 80 78 79 80 79 70 61 66 62 66 67 67 67 67 67 68 68 69 70 70 72 74 72 67 62 58 55 56 54 53 52 50 54 54 54 56 56 56 60 66 69 70 68 69 69 70 72 72 72 71 71 72 73 74 75 75 73 73 77 78 80 
83 85 88 94 102 98 94 92 85 84 84 84 82 81 79 74 70 65 64 64 64 70 73 75 79 79 78 78 74 71 69 67 62 68 69 70 66 60 58 59 65 70 72 72 71 72 71 71 70 69 66 68 69 68 68 67 64 67 67 69 68 67 68 70 74 78 79 80 80 78 83 78 74 69 66 66 65 67 67 67 67 67 66 66 68 69 70 70 70 74 73 71 66 59 57 56 54 52 50 48 49 53 54 56 56 58 61 64 65 69 70 72 72 71 72 72 71 71 72 73 74 77 77 75 73 74 77 78 80 
92 92 93 96 103 100 95 92 86 84 83 85 85 83 80 77 71 66 62 60 57 67 73 75 80 75 75 77 77 75 72 69 66 69 71 68 66 62 60 60 64 68 73 74 73 72 71 71 69 69 68 66 67 67 67 67 66 67 66 68 66 65 65 69 71 72 74 78 79 75 77 73 71 72 72 70 68 67 67 67 67 67 66 67 68 69 68 69 70 72 72 70 68 61 58 57 56 56 55 49 52 53 54 56 56 59 61 62 62 66 69 71 70 69 70 71 71 70 71 72 75 77 77 75 77 77 78 79 81 
95 94 94 93 94 94 92 90 85 82 80 84 86 82 81 79 75 71 69 65 61 67 71 78 79 78 79 78 77 74 73 70 68 70 70 69 66 66 60 60 62 68 72 72 71 71 70 68 67 73 72 70 70 67 66 61 59 61 60 62 65 65 65 67 69 71 72 72 74 74 73 70 68 70 73 72 67 66 66 65 65 66 66 67 68 69 69 70 72 73 73 71 70 65 60 59 58 57 55 52 54 53 55 56 56 58 61 62 62 64 66 67 68 68 68 70 70 70 69 72 74 75 77 75 75 74 77 80 83 
97 94 95 96 94 94 93 90 85 82 79 79 86 80 81 74 74 71 69 67 67 70 75 80 80 83 82 74 74 74 73 71 71 73 73 71 68 65 60 60 62 67 71 72 72 74 73 68 67 71 73 73 72 73 75 68 59 57 59 60 66 66 66 67 68 68 70 71 71 72 71 69 68 67 69 67 65 65 64 64 62 62 65 66 68 70 71 72 78 77 72 72 68 65 60 58 56 55 53 52 53 52 54 55 56 57 60 61 61 62 64 66 67 67 67 68 69 69 69 72 74 75 77 74 72 73 74 81 85 
95 97 95 97 95 94 93 90 88 88 85 80 80 80 86 77 74 70 69 68 70 73 79 84 85 85 84 79 77 74 75 74 73 75 78 77 72 68 61 58 58 61 68 72 72 80 80 71 68 70 71 73 73 74 80 72 65 62 62 61 66 66 66 69 69 68 70 70 70 71 69 67 66 64 65 65 64 64 64 64 61 61 65 66 68 71 69 70 79 80 74 71 62 62 58 57 54 50 50 49 50 50 50 53 56 56 59 59 60 61 62 66 66 66 67 68 68 69 70 73 75 77 77 74 72 72 75 81 87 
83 95 96 100 97 95 92 88 84 83 82 80 80 80 80 77 77 70 66 66 68 73 82 87 88 88 86 82 79 79 79 77 75 74 79 80 75 70 64 60 59 61 66 70 66 73 78 71 67 69 69 70 71 73 75 69 65 64 62 64 68 70 67 70 69 69 71 70 70 70 68 66 62 58 61 64 62 62 64 62 60 58 60 65 67 72 67 67 74 80 77 72 61 62 58 58 54 50 49 49 52 50 49 54 54 54 58 58 58 60 62 65 65 67 66 68 70 71 72 73 75 77 75 73 72 72 79 79 88 
83 85 94 98 98 95 92 87 83 83 83 83 81 78 78 77 77 70 66 65 66 71 79 85 90 90 86 85 85 84 83 79 78 77 79 80 78 71 65 62 61 64 66 70 68 71 73 68 66 66 66 67 67 67 70 66 65 62 60 65 69 69 70 71 71 71 72 70 69 69 67 66 64 56 61 64 60 61 62 62 62 58 56 65 67 74 72 70 73 78 79 74 68 65 61 59 55 52 50 50 50 52 52 54 54 49 58 56 58 60 61 61 64 65 65 66 66 69 72 74 75 77 74 73 75 78 81 82 90 
94 94 96 97 97 94 94 88 84 85 83 85 87 83 78 77 72 67 62 62 61 69 77 82 87 88 85 83 86 84 84 81 80 80 82 84 80 73 68 66 64 65 67 70 73 73 73 67 66 64 62 64 62 61 65 62 62 62 60 67 70 70 71 73 77 74 75 71 69 67 66 67 67 60 64 65 61 62 64 66 68 65 60 64 68 74 75 77 77 78 77 72 68 65 60 59 56 52 50 50 53 54 54 53 50 48 53 53 54 56 60 59 61 65 65 65 69 69 72 71 72 73 71 69 71 74 79 85 88 
99 99 102 100 97 96 94 90 85 84 86 87 92 88 83 79 72 67 62 61 56 61 70 77 83 83 80 79 80 81 83 81 81 83 84 87 84 79 74 70 66 65 68 70 75 77 75 71 68 64 62 64 62 60 61 60 61 62 62 69 71 70 67 69 77 75 77 71 69 68 67 67 66 62 60 61 61 61 64 65 62 61 61 62 66 72 73 72 73 74 75 73 69 65 61 58 56 52 53 52 52 53 54 53 52 53 50 50 52 53 56 56 60 64 66 67 66 69 70 69 72 71 70 67 70 75 80 84 87 
105 103 102 98 95 94 91 84 77 80 85 85 90 88 84 80 75 71 66 62 57 56 69 74 81 81 75 73 74 78 80 79 79 82 84 91 88 83 79 73 68 65 66 69 74 78 78 78 73 68 67 67 65 62 61 60 61 65 65 68 72 68 57 58 69 70 73 73 69 70 68 67 66 62 58 59 61 61 64 64 62 60 60 62 65 69 68 69 71 72 77 77 73 68 66 61 57 54 54 54 55 55 55 55 54 53 50 50 52 53 55 56 58 60 62 64 65 68 69 69 72 71 70 66 68 71 77 82 83 
107 106 104 97 93 96 96 90 80 78 82 82 87 87 83 81 78 72 68 65 58 59 71 75 81 81 75 71 72 74 75 75 75 80 82 91 91 84 80 74 71 67 65 67 71 79 80 81 78 71 71 71 68 65 64 60 64 66 68 71 85 83 69 69 72 69 73 73 72 71 68 66 65 65 62 60 61 61 61 64 61 61 61 62 64 65 66 67 68 70 73 75 74 71 68 64 59 56 54 54 55 55 56 55 55 55 54 53 52 56 54 52 57 58 61 62 64 65 66 67 69 70 71 68 69 73 74 78 78 
109 107 108 102 97 100 103 97 88 83 84 84 87 87 82 82 83 72 70 66 58 61 69 74 80 81 75 72 72 73 73 71 72 77 80 85 86 83 81 73 70 66 62 64 69 74 77 78 77 73 74 75 73 69 64 65 71 68 70 77 88 88 80 79 77 73 74 75 72 72 69 65 62 61 60 58 57 56 58 58 60 61 64 67 67 66 65 65 64 68 69 72 73 73 72 70 64 58 56 56 56 56 56 56 56 55 54 54 54 54 54 52 58 58 60 61 62 64 65 65 65 66 72 69 71 74 74 77 77 
109 108 109 106 102 103 100 95 92 90 86 90 88 88 85 86 92 78 74 68 60 62 70 74 79 78 71 71 71 72 71 70 70 72 74 78 79 79 79 72 72 67 65 66 69 71 72 73 73 72 77 79 75 70 65 66 70 70 71 77 77 81 73 74 72 69 69 70 70 72 66 67 66 64 60 59 59 58 57 56 56 58 65 68 67 66 66 67 64 65 66 69 72 70 70 69 65 61 58 56 56 56 56 56 56 55 54 54 54 53 53 54 57 57 58 59 60 62 65 66 65 65 70 70 72 74 74 74 74 
105 108 103 102 103 102 98 93 91 90 87 88 88 88 85 86 88 82 74 68 60 62 68 72 77 77 73 71 71 70 70 72 71 73 75 75 74 73 77 69 69 69 68 69 70 71 72 72 70 68 74 77 72 67 64 64 66 67 69 73 73 72 68 69 70 69 69 69 68 68 66 67 66 65 62 61 60 57 56 54 53 52 59 64 65 64 64 62 61 60 64 66 69 68 68 66 64 62 61 58 58 57 57 56 56 54 53 54 54 53 53 54 56 56 56 58 59 62 65 66 66 67 70 72 73 74 75 72 71 
105 107 96 99 103 100 98 94 91 90 90 90 88 90 87 87 85 79 74 66 56 57 62 68 72 74 70 71 71 71 71 72 72 74 73 74 74 72 73 71 68 68 68 67 69 73 75 74 72 70 72 75 74 69 64 62 62 62 65 69 70 69 70 69 69 70 70 69 68 68 68 68 68 67 65 64 61 59 56 52 54 49 57 60 61 61 59 58 58 59 61 62 66 66 66 65 62 62 62 60 60 59 58 57 56 54 53 54 54 54 55 55 56 56 56 58 59 62 64 65 67 68 70 72 73 75 82 79 71 
105 107 98 100 100 100 98 97 93 90 87 87 88 90 90 92 90 85 80 69 60 59 61 64 69 70 66 66 66 68 69 72 72 72 70 69 69 68 68 69 69 66 67 67 65 68 72 75 75 75 79 78 74 71 70 67 65 64 65 67 67 67 67 69 69 71 72 71 69 68 68 67 67 69 67 66 64 60 56 54 55 55 58 59 59 58 56 55 55 56 58 60 61 64 65 65 61 60 59 59 59 59 59 60 59 54 53 54 54 56 56 56 55 56 56 58 59 60 62 64 65 67 70 72 74 77 84 87 81 
105 105 98 103 100 99 96 83 77 78 82 86 91 92 92 95 97 92 84 74 66 62 62 60 64 66 64 61 61 64 66 69 71 72 73 69 66 65 66 67 68 68 68 69 66 68 71 75 77 77 79 79 77 73 73 70 69 67 66 67 66 66 67 70 71 74 73 73 71 70 69 67 67 71 70 68 66 61 58 56 56 56 59 59 58 57 55 52 53 55 56 59 60 64 65 65 61 60 58 57 58 59 60 61 61 53 55 55 56 56 56 55 53 56 56 56 59 59 62 61 65 67 68 71 73 74 80 84 87 
