Local Maxima coordinates and values:
(1, 75) : 616
(1, 76) : 672
(1, 77) : 718
(1, 78) : 717
(1, 79) : 670
(1, 147) : 745
(1, 150) : 390
(1, 467) : 232
(1, 468) : 386
(1, 503) : 4309
(1, 505) : 4615
(2, 73) : 575
(2, 74) : 594
(2, 80) : 593
(2, 144) : 1175
(2, 145) : 1029
(2, 146) : 888
(2, 471) : 812
(2, 472) : 931
(2, 484) : 1548
(2, 492) : 2136
(2, 495) : 2542
(2, 496) : 2730
(2, 497) : 2951
(2, 498) : 3173
(2, 499) : 3404
(2, 500) : 3641
(2, 501) : 3866
(2, 502) : 4108
(2, 504) : 4497
(3, 92) : 404
(3, 473) : 1020
(3, 474) : 1076
(3, 475) : 1144
(3, 476) : 1184
(3, 477) : 1193
(3, 485) : 1558
(3, 486) : 1557
(4, 73) : 571
(4, 81) : 544
(4, 90) : 422
(4, 91) : 422
(5, 72) : 596
(5, 82) : 501
(5, 83) : 497
(5, 84) : 493
(5, 85) : 477
(5, 86) : 453
(5, 87) : 427
(5, 88) : 417
(5, 477) : 1185
(5, 479) : 1279
(5, 492) : 2227
(5, 493) : 2348
(5, 494) : 2441
(5, 495) : 2518
(6, 471) : 756
(6, 472) : 910
(6, 478) : 1221
(7, 76) : 563
(7, 78) : 535
(7, 150) : 192
(7, 476) : 1095
(7, 479) : 1276
(7, 480) : 1348
(7, 481) : 1415
(7, 482) : 1463
(8, 148) : 443
(8, 466) : 211
(8, 469) : 534
(8, 470) : 622
(8, 483) : 1488
(8, 490) : 2028
(8, 504) : 4336
(8, 505) : 4433
(9, 68) : 551
(9, 69) : 579
(9, 70) : 616
(9, 71) : 634
(9, 484) : 1561
(9, 485) : 1631
(9, 486) : 1696
(9, 487) : 1778
(9, 488) : 1838
(9, 489) : 1918
(10, 72) : 645
(10, 86) : 388
(10, 495) : 2484
(11, 494) : 2361
(12, 493) : 2268
(12, 496) : 2589
(13, 64) : 543
(13, 65) : 604
(13, 66) : 657
(13, 67) : 663
(13, 68) : 659
(13, 69) : 649
(13, 70) : 625
(13, 473) : 920
(13, 482) : 1310
(13, 498) : 2867
(13, 499) : 3064
(13, 500) : 3285
(13, 502) : 3767
(14, 62) : 393
(14, 63) : 466
(14, 469) : 752
(14, 470) : 834
(14, 471) : 887
(14, 472) : 919
(14, 474) : 886
(14, 475) : 876
(14, 480) : 1120
(14, 491) : 2056
(14, 501) : 3522
(14, 503) : 3995
(14, 505) : 4297
(15, 468) : 677
(15, 476) : 877
(15, 477) : 903
(15, 478) : 974
(15, 479) : 1042
(15, 494) : 2339
(15, 498) : 2856
(15, 499) : 3064
(15, 500) : 3280
(15, 508) : 3932
(16, 62) : 381
(16, 463) : 230
(16, 464) : 359
(16, 465) : 481
(16, 466) : 567
(16, 467) : 609
(16, 489) : 1846
(16, 490) : 1953
(16, 492) : 2139
(16, 493) : 2250
(17, 61) : 396
(17, 71) : 660
(17, 72) : 749
(17, 73) : 825
(17, 488) : 1713
(17, 495) : 2425
(17, 496) : 2529
(17, 497) : 2624
(17, 506) : 4280
(18, 60) : 353
(18, 74) : 915
(18, 507) : 4240
(19, 77) : 1156
(19, 79) : 1195
(20, 59) : 297
(20, 466) : 397
(20, 467) : 511
(20, 468) : 568
(20, 484) : 1470
(20, 487) : 1666
(21, 57) : 104
(21, 58) : 223
(21, 478) : 558
(21, 483) : 1350
(21, 485) : 1567
(22, 86) : 1313
(22, 87) : 1264
(22, 88) : 1208
(22, 89) : 1167
(22, 90) : 1109
(22, 91) : 1046
(23, 83) : 1541
(23, 84) : 1477
(23, 85) : 1395
(23, 92) : 973
(23, 93) : 896
(23, 94) : 791
(23, 496) : 2173
(24, 81) : 1611
(24, 82) : 1578
(24, 95) : 668
(24, 96) : 517
(24, 98) : 202
(24, 463) : 114
(25, 75) : 1560
(25, 76) : 1591
(25, 77) : 1599
(25, 78) : 1601
(25, 79) : 1613
(25, 80) : 1619
(25, 97) : 371
(25, 464) : 150
(25, 506) : 4171
(25, 507) : 4357
(26, 73) : 1427
(26, 476) : 241
(26, 508) : 4480
(26, 509) : 4571
(27, 72) : 1345
(27, 465) : 168
(27, 466) : 174
(27, 486) : 1384
(28, 60) : 529
(28, 61) : 639
(28, 62) : 683
(28, 70) : 1200
(28, 71) : 1270
(28, 484) : 1335
(28, 485) : 1385
(29, 59) : 400
(29, 68) : 1030
(29, 69) : 1118
(29, 482) : 1121
(29, 483) : 1228
(29, 510) : 4640
(30, 57) : 220
(30, 58) : 296
(30, 63) : 713
(30, 64) : 772
(30, 65) : 830
(30, 66) : 889
(30, 67) : 960
(30, 511) : 4704
(30, 512) : 4708
(31, 56) : 158
(31, 481) : 1003
(32, 476) : 371
(32, 477) : 534
(32, 479) : 806
(33, 474) : 118
(33, 475) : 238
(33, 478) : 684
(36, 491) : 621
(37, 474) : 140
(37, 488) : 639
(37, 489) : 585
(37, 490) : 547
(38, 475) : 130
(42, 493) : 412
(43, 469) : 145
(43, 470) : 123
(43, 494) : 447
(44, 468) : 107
(44, 481) : 589
(44, 489) : 332
(45, 483) : 561
(45, 484) : 517
(47, 477) : 470
(47, 478) : 531
(47, 479) : 588
(47, 481) : 621
(48, 473) : 463
(48, 474) : 458
(48, 475) : 446
(48, 476) : 444
(48, 494) : 277
(49, 470) : 357
(49, 471) : 412
(49, 472) : 443
(49, 489) : 340
(49, 491) : 298
(49, 492) : 207
(49, 495) : 340
(49, 496) : 422
(50, 469) : 266
(50, 486) : 380
(51, 455) : 195
(51, 456) : 239
(51, 457) : 245
(51, 468) : 147
(51, 484) : 435
(51, 485) : 433
(51, 487) : 362
(52, 454) : 142
(52, 458) : 187
(53, 486) : 385
(53, 487) : 375
(53, 488) : 390
(53, 489) : 391
(54, 490) : 395
(54, 491) : 398
(55, 507) : 1749
(56, 502) : 1454
(56, 503) : 1504
(56, 504) : 1557
(56, 505) : 1613
(56, 506) : 1675
(57, 490) : 401
(57, 491) : 431
(57, 492) : 489
(57, 500) : 1295
(57, 501) : 1385
(58, 493) : 586
(58, 494) : 697
(58, 495) : 809
(58, 496) : 918
(58, 497) : 1007
(58, 498) : 1098
(58, 499) : 1198
(60, 482) : 374
(60, 483) : 319
(60, 512) : 1888
(61, 480) : 408
(61, 481) : 416
(62, 479) : 358
(63, 491) : 439
(63, 492) : 477
(64, 484) : 463
(64, 486) : 388
(64, 487) : 368
(64, 488) : 356
(64, 489) : 358
(64, 490) : 395
(65, 480) : 446
(65, 481) : 470
(65, 483) : 483
(65, 485) : 425
(66, 503) : 766
(66, 504) : 832
(67, 477) : 326
(67, 478) : 396
(68, 483) : 461
(69, 485) : 420
(69, 493) : 187
(69, 495) : 125
(69, 500) : 317
(69, 501) : 425
(70, 478) : 411
(70, 479) : 459
(70, 480) : 494
(70, 491) : 223
(70, 492) : 226
(71, 474) : 192
(71, 475) : 265
(71, 476) : 330
(71, 477) : 372
(71, 481) : 504
(71, 482) : 520
(71, 490) : 239
(72, 484) : 501
(72, 485) : 478
(72, 486) : 449
(73, 487) : 397
(73, 488) : 324
(74, 473) : 115
(74, 481) : 448
(75, 484) : 458
(75, 500) : 126
(79, 507) : 196
(79, 508) : 255
(79, 509) : 289
(82, 509) : 296
(83, 476) : 125
(83, 510) : 340
(84, 511) : 382
(85, 478) : 225
(85, 479) : 224
(85, 480) : 241
(85, 512) : 382
(87, 479) : 217
(87, 481) : 251
(87, 483) : 187
(88, 484) : 197
(88, 485) : 190
(89, 486) : 162
(89, 499) : 212
(89, 500) : 197
(89, 501) : 157
(89, 502) : 138
(89, 503) : 112
(89, 504) : 108
(89, 505) : 122
(89, 509) : 123
(90, 493) : 132
(90, 495) : 142
(90, 498) : 208
(90, 506) : 145
(90, 507) : 184
(91, 496) : 145
(91, 497) : 166
(95, 490) : 287
(96, 487) : 324
(97, 485) : 235
(97, 486) : 294
(97, 488) : 328
(98, 484) : 164
(98, 489) : 334
(98, 490) : 321
(98, 491) : 327
(99, 492) : 342
(99, 493) : 340
(99, 494) : 339
(99, 496) : 345
(101, 487) : 317
(101, 488) : 344
(101, 489) : 332
(102, 486) : 256
(102, 490) : 379
(102, 491) : 386
(102, 492) : 381
(103, 489) : 386
(103, 493) : 394
(104, 495) : 390
(105, 484) : 177
(105, 496) : 423
(105, 497) : 483
(105, 509) : 1149
(106, 485) : 248
(106, 486) : 308
(106, 487) : 353
(106, 488) : 406
(106, 495) : 411
(106, 506) : 1226
(106, 507) : 1240
(106, 508) : 1211
(107, 489) : 412
(107, 499) : 680
(107, 500) : 758
(107, 501) : 828
(107, 502) : 905
(107, 503) : 1010
(107, 504) : 1113
(107, 509) : 1179
(107, 511) : 1063
(108, 490) : 417
(108, 491) : 408
(108, 492) : 428
(108, 493) : 468
(108, 505) : 1195
(109, 508) : 1218
(109, 510) : 1139
(109, 511) : 1105
(110, 498) : 641
(110, 502) : 867
(110, 503) : 989
(110, 504) : 1114
(110, 505) : 1205
(110, 506) : 1265
(110, 507) : 1272
(111, 492) : 401
(111, 499) : 643
(113, 482) : 210
(113, 504) : 1091
(113, 506) : 1243
(114, 483) : 320
(114, 507) : 1309
(115, 484) : 386
(115, 504) : 1091
(115, 506) : 1248
(115, 508) : 1344
(115, 509) : 1401
(116, 485) : 423
(116, 486) : 470
(116, 510) : 1423
(116, 511) : 1398
(116, 512) : 1350
(117, 498) : 1041
(117, 501) : 1088
(117, 502) : 1072
(118, 497) : 1005
(118, 499) : 1109
(118, 500) : 1110
(118, 503) : 1088
(118, 505) : 1255
(119, 487) : 561
(119, 504) : 1175
(119, 511) : 1301
(120, 488) : 671
(120, 500) : 1097
(120, 506) : 1284
(120, 507) : 1324
(120, 508) : 1347
(120, 509) : 1344
(120, 510) : 1325
(120, 512) : 1241
(121, 493) : 962
(121, 501) : 1103
(121, 502) : 1106
(121, 503) : 1142
(121, 504) : 1186
(122, 305) : 112
(122, 489) : 789
(122, 490) : 879
(122, 495) : 1081
(122, 496) : 1107
(122, 497) : 1087
(122, 498) : 1056
(122, 505) : 1227
(122, 506) : 1247
(123, 491) : 922
(123, 492) : 940
(124, 303) : 129
(124, 304) : 130
(125, 300) : 102
(125, 492) : 889
(125, 512) : 1128
(126, 301) : 127
(126, 303) : 129
(126, 489) : 769
(126, 508) : 1034
(126, 509) : 1030
(126, 510) : 1057
(127, 484) : 364
(127, 487) : 673
(127, 488) : 727
(128, 483) : 207
(128, 485) : 499
(128, 486) : 609
(129, 499) : 756
(135, 512) : 857
(136, 495) : 179
(137, 494) : 114
(137, 497) : 241
(137, 509) : 612
(154, 145) : 229
(154, 146) : 149
(155, 144) : 309
(157, 143) : 394
(163, 130) : 238
(163, 131) : 423
(163, 140) : 836
(163, 141) : 744
(163, 142) : 645
(163, 143) : 518
(163, 144) : 392
(163, 145) : 242
(163, 146) : 105
(165, 139) : 910
(165, 141) : 743
(166, 127) : 379
(166, 137) : 945
(166, 138) : 940
(166, 140) : 828
(167, 135) : 981
(167, 136) : 972
(168, 133) : 891
(168, 134) : 953
(170, 129) : 938
(170, 133) : 898
(171, 125) : 748
(171, 126) : 771
(171, 127) : 823
(171, 128) : 890
(171, 130) : 981
(171, 131) : 993
(171, 132) : 967
(172, 123) : 816
(172, 124) : 761
(174, 122) : 926
(175, 99) : 318
(176, 121) : 1066
(179, 135) : 255
(180, 133) : 295
(180, 134) : 305
(182, 92) : 120
(182, 113) : 2073
(182, 114) : 2080
(182, 115) : 2077
(182, 116) : 2063
(182, 117) : 2006
(183, 112) : 2038
(183, 118) : 1930
(183, 121) : 1533
(183, 122) : 1289
(183, 123) : 1065
(184, 119) : 1836
(187, 112) : 2091
(190, 119) : 1884
(192, 143) : 1837
(196, 74) : 925
(196, 75) : 948
(196, 76) : 934
(196, 102) : 3028
(196, 103) : 3023
(196, 104) : 2991
(196, 105) : 2943
(196, 106) : 3005
(196, 107) : 3075
(196, 108) : 3146
(196, 109) : 3155
(196, 110) : 3137
(196, 156) : 173
(197, 73) : 877
(197, 77) : 924
(197, 80) : 1028
(197, 81) : 1030
(197, 82) : 1034
(197, 90) : 1916
(197, 91) : 1986
(197, 92) : 2083
(197, 93) : 2193
(197, 94) : 2334
(197, 96) : 2599
(197, 97) : 2719
(197, 98) : 2812
(197, 99) : 2905
(197, 100) : 2969
(197, 111) : 3122
(197, 112) : 3053
(197, 113) : 3022
(197, 142) : 2086
(197, 152) : 958
(197, 153) : 764
(198, 71) : 725
(198, 72) : 813
(198, 78) : 973
(198, 79) : 1017
(198, 88) : 1744
(198, 89) : 1846
(198, 95) : 2421
(198, 143) : 2050
(198, 144) : 2009
(198, 146) : 1825
(198, 149) : 1454
(198, 150) : 1312
(198, 151) : 1145
(199, 84) : 1279
(199, 85) : 1384
(199, 86) : 1488
(199, 87) : 1637
(199, 113) : 3012
(199, 114) : 3053
(199, 115) : 3074
(199, 145) : 1934
(199, 147) : 1711
(199, 148) : 1580
(199, 154) : 569
(200, 75) : 850
(200, 81) : 1000
(200, 82) : 1061
(200, 83) : 1152
(200, 116) : 3130
(200, 117) : 3210
(201, 80) : 986
(201, 118) : 3296
(201, 119) : 3369
(201, 120) : 3433
(201, 121) : 3499
(201, 122) : 3513
(202, 123) : 3493
(202, 145) : 1937
(203, 75) : 935
(203, 76) : 903
(203, 124) : 3485
(204, 60) : 355
(204, 61) : 395
(204, 62) : 420
(204, 69) : 934
(204, 70) : 980
(204, 73) : 965
(204, 74) : 952
(204, 125) : 3468
(204, 126) : 3492
(205, 68) : 872
(205, 71) : 982
(205, 72) : 973
(205, 127) : 3563
(205, 128) : 3599
(205, 129) : 3616
(206, 59) : 310
(206, 67) : 829
(206, 130) : 3607
(206, 131) : 3582
(207, 60) : 331
(207, 132) : 3561
(207, 133) : 3541
(208, 66) : 773
(208, 134) : 3455
(208, 135) : 3355
(208, 140) : 2773
(209, 64) : 681
(209, 65) : 727
(209, 137) : 3160
(209, 141) : 2694
(209, 142) : 2617
(209, 143) : 2492
(209, 144) : 2371
(209, 145) : 2246
(209, 146) : 2137
(209, 147) : 2024
(209, 148) : 1910
(209, 149) : 1768
(209, 150) : 1630
(210, 56) : 185
(210, 62) : 576
(210, 63) : 625
(210, 138) : 3035
(210, 139) : 2896
(210, 140) : 2772
(211, 57) : 321
(211, 58) : 430
(211, 59) : 490
(211, 60) : 523
(211, 61) : 521
(213, 152) : 1496
(214, 151) : 1557
(214, 153) : 1396
(214, 154) : 1278
(215, 58) : 271
(215, 155) : 1160
(215, 156) : 1056
(215, 157) : 957
(217, 151) : 1594
(217, 152) : 1486
(218, 144) : 1818
(218, 146) : 1908
(218, 147) : 1894
(218, 148) : 1863
(218, 150) : 1710
(219, 145) : 1867
(219, 149) : 1774
(220, 131) : 1100
(220, 150) : 1737
(221, 151) : 1713
(222, 152) : 1711
(222, 153) : 1652
(224, 149) : 1694
(225, 138) : 665
(225, 150) : 1744
(225, 151) : 1808
(225, 152) : 1859
(225, 153) : 1827
(226, 154) : 1720
(226, 163) : 1098
(226, 164) : 1025
(226, 165) : 955
(226, 166) : 830
(226, 167) : 711
(226, 168) : 593
(226, 169) : 481
(226, 170) : 337
(226, 171) : 193
(227, 153) : 1821
(227, 161) : 1281
(227, 162) : 1185
(228, 154) : 1732
(228, 159) : 1416
(228, 160) : 1373
(229, 157) : 1493
(229, 158) : 1461
(231, 54) : 113
(231, 154) : 1709
(231, 155) : 1654
(231, 156) : 1561
(232, 55) : 117
(234, 157) : 1431
(235, 149) : 1111
(235, 151) : 1386
(235, 153) : 1568
(237, 155) : 1617
(238, 140) : 142
(238, 141) : 278
(238, 146) : 845
(239, 142) : 399
(239, 143) : 538
(239, 144) : 638
(239, 145) : 727
(239, 153) : 1746
(240, 148) : 1103
(241, 141) : 112
(241, 149) : 1272
(241, 150) : 1436
(243, 275) : 2819
(243, 276) : 2790
(243, 277) : 2794
(243, 278) : 2742
(243, 279) : 2720
(243, 280) : 2694
(243, 281) : 2637
(243, 282) : 2596
(243, 283) : 2591
(243, 284) : 2549
(243, 285) : 2496
(243, 287) : 2368
(243, 288) : 2289
(243, 289) : 2212
(244, 145) : 773
(244, 146) : 907
(244, 165) : 948
(244, 166) : 871
(244, 167) : 802
(244, 168) : 771
(244, 169) : 761
(244, 170) : 739
(244, 272) : 2865
(244, 273) : 2871
(244, 274) : 2855
(244, 290) : 2132
(244, 291) : 2084
(244, 292) : 1981
(245, 143) : 440
(245, 144) : 603
(245, 147) : 1034
(245, 152) : 1946
(245, 163) : 1209
(245, 164) : 1063
(245, 171) : 757
(245, 172) : 733
(245, 270) : 2786
(245, 271) : 2844
(245, 293) : 1919
(245, 294) : 1857
(246, 173) : 736
(246, 174) : 699
(246, 178) : 250
(246, 268) : 2751
(246, 269) : 2788
(246, 295) : 1857
(247, 148) : 1202
(247, 149) : 1448
(247, 150) : 1671
(247, 161) : 1601
(247, 162) : 1395
(247, 175) : 616
(247, 177) : 383
(247, 267) : 2715
(247, 296) : 1870
(247, 297) : 1908
(247, 298) : 1921
(248, 178) : 285
(248, 179) : 243
(248, 265) : 2632
(248, 266) : 2657
(248, 299) : 1969
(248, 300) : 1983
(249, 151) : 1881
(249, 155) : 2343
(249, 156) : 2283
(249, 263) : 2593
(249, 264) : 2622
(249, 301) : 1994
(250, 157) : 2235
(250, 261) : 2566
(250, 262) : 2616
(250, 302) : 2019
(250, 303) : 1994
(251, 259) : 2560
(251, 260) : 2589
(251, 304) : 1987
(252, 305) : 1967
(253, 47) : 181
(253, 258) : 2521
(254, 53) : 133
(254, 145) : 720
(254, 257) : 2540
(254, 307) : 1853
(255, 181) : 407
(255, 256) : 2587
(255, 308) : 1823
(255, 322) : 360
(256, 309) : 1780
(256, 474) : 129
(256, 475) : 107
(257, 174) : 904
(257, 256) : 2584
(257, 323) : 389
(258, 175) : 873
(258, 176) : 821
(258, 178) : 727
(258, 255) : 2681
(258, 310) : 1860
(258, 311) : 1877
(258, 312) : 1788
(258, 466) : 161
(258, 468) : 200
(259, 177) : 783
(259, 254) : 2779
(259, 467) : 199
(259, 469) : 215
(259, 470) : 244
(260, 152) : 2737
(260, 153) : 2898
(260, 157) : 2923
(260, 158) : 2812
(260, 172) : 1018
(260, 173) : 964
(260, 174) : 901
(260, 175) : 862
(260, 176) : 829
(261, 49) : 779
(261, 52) : 577
(261, 156) : 3003
(261, 253) : 2800
(261, 311) : 1777
(261, 312) : 1875
(261, 314) : 1864
(261, 324) : 592
(261, 325) : 508
(262, 45) : 532
(262, 51) : 723
(262, 54) : 116
(262, 160) : 2576
(262, 161) : 2409
(262, 181) : 759
(262, 252) : 2892
(262, 313) : 1959
(263, 44) : 395
(263, 46) : 633
(263, 47) : 734
(263, 48) : 781
(263, 52) : 561
(263, 145) : 1083
(263, 147) : 1613
(263, 148) : 1890
(263, 166) : 1667
(263, 186) : 779
(263, 471) : 359
(263, 472) : 344
(264, 51) : 729
(264, 54) : 120
(264, 155) : 3099
(264, 161) : 2429
(264, 170) : 1268
(264, 180) : 853
(264, 251) : 2960
(264, 468) : 313
(264, 469) : 370
(264, 470) : 392
(265, 44) : 378
(265, 45) : 518
(265, 149) : 2195
(265, 151) : 2670
(265, 156) : 3042
(265, 157) : 2970
(265, 158) : 2860
(265, 159) : 2727
(265, 314) : 1961
(265, 315) : 2017
(265, 466) : 250
(265, 467) : 302
(266, 46) : 626
(266, 49) : 868
(266, 150) : 2443
(266, 152) : 2871
(266, 153) : 3005
(266, 168) : 1563
(266, 250) : 3060
(266, 461) : 106
(266, 462) : 152
(266, 463) : 201
(266, 468) : 326
(267, 42) : 148
(267, 147) : 1680
(267, 154) : 3097
(267, 156) : 3022
(267, 315) : 2088
(267, 332) : 504
(267, 464) : 248
(267, 465) : 252
(267, 466) : 262
(268, 43) : 291
(268, 45) : 537
(268, 49) : 903
(268, 50) : 914
(268, 51) : 843
(268, 53) : 451
(268, 146) : 1402
(268, 148) : 1936
(268, 155) : 3086
(268, 161) : 2526
(268, 331) : 596
(268, 334) : 363
(268, 462) : 186
(268, 463) : 201
(269, 46) : 653
(269, 47) : 768
(269, 48) : 849
(269, 144) : 918
(269, 145) : 1157
(269, 149) : 2185
(269, 156) : 3016
(269, 158) : 2878
(269, 159) : 2777
(269, 163) : 2266
(269, 164) : 2126
(269, 166) : 1866
(269, 168) : 1677
(269, 226) : 1256
(269, 249) : 3177
(269, 329) : 793
(269, 330) : 670
(269, 332) : 562
(269, 333) : 463
(269, 335) : 296
(269, 336) : 267
(270, 160) : 2636
(270, 165) : 1989
(270, 316) : 2259
(270, 337) : 223
(270, 338) : 175
(270, 461) : 159
(270, 469) : 379
(270, 470) : 495
(270, 471) : 585
(270, 472) : 652
(270, 473) : 713
(270, 474) : 763
(271, 161) : 2511
(271, 164) : 2118
(271, 178) : 1498
(271, 223) : 1440
(271, 330) : 666
(271, 331) : 567
(271, 462) : 216
(271, 475) : 782
(272, 43) : 115
(272, 151) : 2453
(272, 165) : 1974
(272, 317) : 2371
(272, 318) : 2360
(272, 336) : 243
(272, 338) : 181
(272, 339) : 148
(272, 461) : 165
(272, 463) : 258
(272, 464) : 296
(272, 465) : 313
(272, 466) : 342
(272, 467) : 374
(272, 468) : 380
(272, 469) : 386
(272, 477) : 860
(272, 478) : 928
(272, 479) : 990
(272, 480) : 1024
(272, 481) : 1004
(273, 3) : 162
(273, 187) : 1583
(273, 188) : 1590
(273, 189) : 1702
(273, 218) : 1664
(273, 219) : 1652
(273, 220) : 1621
(273, 231) : 1398
(273, 232) : 1453
(273, 233) : 1512
(273, 234) : 1615
(273, 235) : 1703
(273, 236) : 1826
(273, 237) : 1965
(273, 248) : 3306
(273, 319) : 2330
(273, 329) : 796
(273, 332) : 444
(273, 333) : 369
(273, 476) : 816
(274, 4) : 147
(274, 5) : 126
(274, 43) : 123
(274, 47) : 728
(274, 48) : 838
(274, 49) : 912
(274, 50) : 973
(274, 152) : 2663
(274, 160) : 2484
(274, 217) : 1677
(274, 221) : 1600
(274, 229) : 1424
(274, 230) : 1392
(274, 239) : 2268
(274, 240) : 2438
(274, 318) : 2363
(274, 326) : 1225
(274, 327) : 1124
(274, 481) : 1014
(274, 482) : 1089
(275, 0) : 250
(275, 1) : 203
(275, 6) : 104
(275, 46) : 602
(275, 151) : 2496
(275, 164) : 2128
(275, 165) : 2088
(275, 216) : 1713
(275, 228) : 1489
(275, 238) : 2105
(275, 248) : 3306
(275, 315) : 1788
(275, 322) : 1896
(275, 323) : 1754
(275, 324) : 1578
(275, 325) : 1408
(275, 328) : 969
(275, 329) : 782
(275, 483) : 1135
(275, 484) : 1157
(275, 485) : 1137
(276, 2) : 163
(276, 144) : 1141
(276, 166) : 2057
(276, 167) : 2056
(276, 168) : 2058
(276, 210) : 1991
(276, 215) : 1728
(276, 217) : 1667
(276, 241) : 2632
(276, 242) : 2853
(276, 243) : 3013
(276, 316) : 2072
(276, 317) : 2351
(276, 318) : 2358
(276, 326) : 1253
(276, 327) : 1117
(276, 331) : 440
(277, 45) : 497
(277, 51) : 971
(277, 52) : 901
(277, 141) : 480
(277, 142) : 715
(277, 143) : 928
(277, 145) : 1373
(277, 147) : 1798
(277, 148) : 1992
(277, 149) : 2192
(277, 163) : 2160
(277, 164) : 2123
(277, 165) : 2081
(277, 211) : 1978
(277, 212) : 1926
(277, 213) : 1856
(277, 214) : 1781
(277, 224) : 1692
(277, 239) : 2233
(277, 240) : 2442
(277, 244) : 3179
(277, 245) : 3327
(277, 246) : 3438
(277, 320) : 2186
(277, 322) : 1899
(277, 335) : 206
(277, 470) : 113
(278, 140) : 253
(278, 144) : 1141
(278, 146) : 1574
(278, 171) : 2210
(278, 199) : 2673
(278, 209) : 2093
(278, 210) : 2012
(278, 225) : 1728
(278, 316) : 2056
(278, 321) : 2059
(278, 337) : 242
(278, 344) : 181
(278, 345) : 153
(278, 346) : 157
(278, 352) : 144
(278, 471) : 122
(278, 472) : 182
(278, 487) : 1106
(278, 488) : 1097
(279, 42) : 243
(279, 43) : 333
(279, 44) : 425
(279, 45) : 512
(279, 46) : 603
(279, 168) : 2064
(279, 169) : 2123
(279, 208) : 2190
(279, 253) : 1398
(279, 254) : 1031
(279, 318) : 2331
(279, 328) : 914
(279, 335) : 233
(279, 347) : 167
(279, 348) : 181
(279, 349) : 183
(279, 350) : 166
(279, 483) : 864
(279, 489) : 1079
(279, 490) : 1035
(280, 41) : 144
(280, 140) : 234
(280, 196) : 2933
(280, 197) : 2928
(280, 198) : 2949
(280, 199) : 2921
(280, 200) : 2951
(280, 205) : 2579
(280, 206) : 2453
(280, 207) : 2313
(280, 313) : 1059
(280, 314) : 1395
(280, 315) : 1751
(280, 316) : 2062
(280, 355) : 117
(280, 356) : 119
(280, 491) : 1025
(280, 492) : 997
(281, 52) : 924
(281, 173) : 2346
(281, 174) : 2397
(281, 195) : 3007
(281, 201) : 2937
(281, 202) : 2902
(281, 203) : 2826
(281, 204) : 2710
(281, 210) : 1949
(281, 312) : 699
(281, 338) : 274
(281, 339) : 289
(281, 340) : 322
(281, 493) : 924
(281, 494) : 821
(282, 53) : 880
(282, 146) : 1574
(282, 171) : 2207
(282, 319) : 2221
(282, 320) : 2104
(282, 321) : 1974
(282, 341) : 327
(282, 342) : 306
(283, 54) : 810
(283, 147) : 1777
(283, 177) : 2663
(283, 314) : 1474
(283, 318) : 2339
(284, 146) : 1607
(284, 163) : 1548
(284, 174) : 2405
(284, 175) : 2504
(284, 176) : 2605
(284, 178) : 2763
(284, 179) : 2813
(284, 180) : 2868
(284, 315) : 1831
(284, 317) : 2368
(284, 324) : 1551
(284, 342) : 325
(284, 490) : 828
(284, 491) : 858
(285, 55) : 729
(285, 145) : 1429
(285, 181) : 2907
(285, 182) : 2908
(285, 189) : 3296
(285, 190) : 3342
(285, 191) : 3367
(285, 192) : 3372
(285, 193) : 3327
(285, 202) : 2714
(285, 318) : 2343
(285, 322) : 1847
(285, 323) : 1680
(285, 325) : 1447
(285, 326) : 1373
(285, 327) : 1254
(285, 493) : 840
(285, 494) : 832
(285, 495) : 820
(286, 56) : 651
(286, 143) : 1092
(286, 144) : 1248
(286, 183) : 2964
(286, 184) : 3076
(286, 185) : 3167
(286, 186) : 3233
(286, 187) : 3282
(286, 188) : 3292
(286, 194) : 3191
(286, 201) : 2748
(286, 246) : 3422
(286, 319) : 2298
(286, 320) : 2140
(286, 337) : 481
(286, 496) : 798
(287, 57) : 573
(287, 141) : 757
(287, 142) : 932
(287, 195) : 3018
(287, 200) : 2767
(287, 241) : 2888
(287, 242) : 2979
(287, 245) : 3344
(287, 247) : 3431
(287, 248) : 3216
(287, 317) : 2403
(287, 318) : 2341
(287, 321) : 2003
(287, 322) : 1864
(287, 324) : 1549
(287, 329) : 1045
(287, 336) : 533
(288, 238) : 2754
(288, 239) : 2773
(288, 240) : 2829
(288, 243) : 3117
(288, 244) : 3232
(288, 323) : 1661
(288, 326) : 1342
(288, 327) : 1265
(288, 335) : 579
(288, 489) : 552
(288, 490) : 564
(288, 497) : 816
(288, 498) : 797
(288, 499) : 740
(289, 58) : 527
(289, 139) : 537
(289, 196) : 2951
(289, 197) : 2943
(289, 198) : 2899
(289, 248) : 3250
(289, 249) : 3036
(289, 318) : 2338
(289, 319) : 2258
(289, 320) : 2135
(289, 328) : 1144
(289, 491) : 619
(289, 492) : 660
(289, 500) : 669
(290, 59) : 477
(290, 140) : 637
(290, 199) : 2867
(290, 200) : 2788
(290, 201) : 2665
(290, 237) : 2875
(290, 241) : 2837
(290, 325) : 1442
(290, 326) : 1347
(290, 343) : 614
(290, 501) : 648
(291, 60) : 419
(291, 234) : 3039
(291, 238) : 2744
(291, 240) : 2727
(291, 249) : 3084
(291, 317) : 2453
(291, 322) : 1775
(291, 323) : 1668
(291, 487) : 396
(292, 61) : 369
(292, 138) : 604
(292, 139) : 582
(292, 202) : 2546
(292, 229) : 3344
(292, 235) : 2972
(292, 236) : 2905
(292, 239) : 2672
(292, 250) : 3027
(292, 318) : 2289
(292, 324) : 1520
(292, 483) : 176
(292, 485) : 294
(292, 486) : 358
(292, 502) : 646
(293, 62) : 339
(293, 134) : 303
(293, 135) : 419
(293, 136) : 517
(293, 137) : 585
(293, 178) : 1311
(293, 225) : 3621
(293, 230) : 3373
(293, 231) : 3353
(293, 232) : 3300
(293, 233) : 3211
(293, 234) : 3083
(293, 238) : 2727
(293, 316) : 2512
(293, 317) : 2433
(293, 319) : 2139
(293, 325) : 1433
(293, 347) : 738
(293, 484) : 238
(294, 63) : 292
(294, 133) : 225
(294, 224) : 3679
(294, 226) : 3603
(294, 227) : 3524
(294, 228) : 3416
(294, 229) : 3353
(294, 241) : 2435
(294, 242) : 2390
(294, 243) : 2440
(294, 249) : 2998
(294, 250) : 3093
(294, 329) : 1143
(294, 332) : 986
(294, 481) : 107
(294, 482) : 178
(294, 483) : 196
(294, 497) : 510
(294, 503) : 677
(295, 64) : 256
(295, 65) : 209
(295, 132) : 181
(295, 221) : 3851
(295, 316) : 2511
(295, 321) : 1794
(295, 322) : 1726
(295, 325) : 1442
(295, 492) : 332
(295, 498) : 499
(295, 499) : 528
(295, 500) : 561
(295, 501) : 587
(295, 504) : 662
(295, 505) : 617
(296, 66) : 202
(296, 199) : 2542
(296, 200) : 2641
(296, 201) : 2679
(296, 202) : 2669
(296, 219) : 3886
(296, 220) : 3874
(296, 222) : 3820
(296, 223) : 3780
(296, 224) : 3704
(296, 225) : 3620
(296, 251) : 3081
(296, 252) : 3016
(296, 315) : 2580
(296, 323) : 1632
(296, 324) : 1546
(296, 327) : 1323
(296, 493) : 357
(296, 506) : 550
(296, 507) : 471
(297, 67) : 218
(297, 206) : 2694
(297, 218) : 3909
(297, 231) : 3270
(297, 232) : 3305
(297, 248) : 2807
(297, 253) : 2943
(297, 318) : 2199
(297, 326) : 1390
(297, 508) : 426
(297, 509) : 400
(297, 510) : 389
(297, 511) : 402
(298, 127) : 120
(298, 191) : 1949
(298, 192) : 2045
(298, 216) : 3888
(298, 217) : 3914
(298, 233) : 3276
(298, 234) : 3185
(298, 320) : 1947
(298, 512) : 427
(299, 65) : 173
(299, 66) : 213
(299, 67) : 232
(299, 68) : 244
(299, 69) : 260
(299, 70) : 249
(299, 71) : 229
(299, 72) : 197
(299, 128) : 166
(299, 129) : 232
(299, 130) : 265
(299, 131) : 233
(299, 132) : 191
(299, 193) : 2134
(299, 194) : 2247
(299, 196) : 2309
(299, 197) : 2260
(299, 203) : 2699
(299, 207) : 3046
(299, 213) : 3685
(299, 214) : 3766
(299, 215) : 3837
(299, 235) : 3071
(299, 237) : 2810
(299, 247) : 2672
(299, 254) : 2871
(299, 255) : 2816
(299, 490) : 202
(299, 492) : 222
(299, 504) : 509
(299, 505) : 489
(300, 204) : 2837
(300, 205) : 2963
(300, 211) : 3494
(300, 212) : 3575
(300, 236) : 3000
(300, 243) : 2508
(300, 245) : 2526
(300, 246) : 2587
(300, 256) : 2755
(300, 313) : 2557
(300, 318) : 2154
(301, 73) : 182
(301, 124) : 107
(301, 125) : 124
(301, 126) : 134
(301, 127) : 132
(301, 183) : 849
(301, 186) : 1147
(301, 206) : 3131
(301, 209) : 3380
(301, 210) : 3429
(301, 219) : 3723
(301, 312) : 2563
(302, 72) : 127
(302, 74) : 209
(302, 185) : 1055
(302, 207) : 3207
(302, 208) : 3306
(302, 218) : 3739
(302, 226) : 3223
(302, 227) : 3185
(302, 228) : 3134
(302, 238) : 2694
(302, 239) : 2626
(302, 240) : 2553
(302, 241) : 2519
(302, 242) : 2489
(302, 243) : 2497
(302, 244) : 2521
(302, 257) : 2709
(302, 258) : 2635
(302, 311) : 2556
(302, 510) : 335
(303, 75) : 228
(303, 76) : 250
(303, 77) : 272
(303, 78) : 281
(303, 79) : 257
(303, 180) : 431
(303, 181) : 558
(303, 259) : 2597
(303, 310) : 2556
(303, 318) : 2149
(303, 325) : 1818
(303, 378) : 113
(303, 498) : 181
(303, 508) : 317
(304, 80) : 242
(304, 182) : 701
(304, 212) : 3286
(304, 217) : 3643
(304, 228) : 3139
(304, 229) : 3047
(304, 309) : 2538
(304, 319) : 2159
(304, 499) : 166
(304, 500) : 197
(304, 505) : 317
(304, 511) : 332
(304, 512) : 334
(305, 81) : 242
(305, 82) : 266
(305, 83) : 287
(305, 84) : 269
(305, 85) : 244
(305, 210) : 3317
(305, 211) : 3319
(305, 225) : 3193
(305, 226) : 3208
(305, 230) : 2945
(305, 231) : 2845
(305, 232) : 2705
(305, 260) : 2556
(305, 308) : 2505
(305, 318) : 2156
(305, 510) : 328
(306, 79) : 260
(306, 86) : 277
(306, 87) : 325
(306, 88) : 362
(306, 89) : 381
(306, 90) : 374
(306, 91) : 361
(306, 92) : 314
(306, 93) : 253
(306, 98) : 117
(306, 99) : 114
(306, 212) : 3337
(306, 213) : 3371
(306, 214) : 3454
(306, 261) : 2540
(306, 262) : 2517
(306, 307) : 2496
(306, 319) : 2159
(306, 320) : 2169
(306, 321) : 2168
(306, 322) : 2160
(307, 95) : 156
(307, 96) : 150
(307, 97) : 124
(307, 233) : 2617
(307, 235) : 2588
(307, 263) : 2528
(307, 264) : 2477
(307, 304) : 2349
(307, 305) : 2414
(307, 306) : 2435
(307, 323) : 2156
(307, 379) : 372
(307, 380) : 286
(307, 381) : 202
(307, 506) : 285
(307, 507) : 324
(308, 227) : 3092
(308, 228) : 3044
(308, 234) : 2599
(308, 265) : 2462
(308, 302) : 2233
(308, 303) : 2320
(308, 378) : 485
(308, 382) : 140
(309, 86) : 120
(309, 212) : 3174
(309, 233) : 2622
(309, 239) : 2312
(309, 266) : 2419
(309, 267) : 2425
(309, 300) : 2212
(309, 301) : 2205
(309, 323) : 2164
(309, 324) : 2183
(309, 329) : 2032
(309, 508) : 360
(309, 509) : 397
(310, 225) : 3008
(310, 268) : 2384
(310, 269) : 2405
(310, 270) : 2377
(310, 297) : 2162
(310, 298) : 2158
(310, 299) : 2150
(310, 327) : 2115
(310, 328) : 2061
(310, 510) : 420
(310, 512) : 479
(311, 224) : 2994
(311, 271) : 2387
(311, 272) : 2375
(311, 295) : 2126
(311, 296) : 2135
(311, 322) : 2130
(311, 325) : 2174
(311, 326) : 2154
(311, 334) : 2228
(311, 335) : 2219
(311, 340) : 2320
(311, 341) : 2339
(311, 342) : 2366
(311, 365) : 1949
(311, 366) : 1893
(311, 367) : 1829
(311, 368) : 1762
(311, 369) : 1683
(311, 370) : 1611
(311, 371) : 1523
(311, 372) : 1415
(311, 373) : 1279
(311, 374) : 1141
(311, 375) : 975
(311, 376) : 815
(311, 511) : 447
(312, 225) : 3023
(312, 226) : 3020
(312, 273) : 2339
(312, 274) : 2352
(312, 275) : 2311
(312, 276) : 2260
(312, 292) : 2082
(312, 293) : 2090
(312, 294) : 2098
(312, 321) : 2097
(312, 343) : 2391
(312, 348) : 2517
(312, 350) : 2594
(312, 364) : 1984
(312, 377) : 657
(313, 277) : 2222
(313, 278) : 2179
(313, 279) : 2139
(313, 280) : 2116
(313, 281) : 2091
(313, 282) : 2079
(313, 283) : 2079
(313, 284) : 2075
(313, 285) : 2051
(313, 286) : 2063
(313, 287) : 2075
(313, 288) : 2053
(313, 289) : 2050
(313, 290) : 2044
(313, 291) : 2039
(313, 349) : 2563
(313, 351) : 2599
(313, 380) : 242
(313, 381) : 107
(314, 342) : 2393
(314, 343) : 2402
(314, 344) : 2419
(314, 345) : 2455
(314, 346) : 2491
(314, 363) : 2038
(314, 379) : 384
(315, 225) : 2921
(315, 307) : 1649
(315, 315) : 1785
(315, 338) : 2344
(315, 339) : 2362
(315, 340) : 2374
(315, 341) : 2381
(315, 347) : 2497
(315, 375) : 904
(315, 376) : 792
(315, 378) : 532
(316, 222) : 2850
(316, 223) : 2839
(316, 224) : 2861
(316, 331) : 2283
(316, 332) : 2299
(316, 333) : 2283
(316, 334) : 2285
(316, 335) : 2299
(316, 336) : 2316
(316, 337) : 2334
(317, 348) : 2492
(318, 330) : 2230
(318, 349) : 2544
(318, 350) : 2613
(319, 324) : 2032
(319, 326) : 2046
(319, 327) : 2055
(319, 328) : 2131
(319, 329) : 2188
(319, 346) : 2300
(319, 378) : 562
(319, 379) : 393
(319, 380) : 221
(320, 219) : 2399
(320, 220) : 2446
(320, 315) : 1759
(320, 323) : 1984
(320, 332) : 2221
(320, 351) : 2717
(320, 352) : 2845
(320, 376) : 842
(320, 377) : 715
(321, 314) : 1680
(321, 316) : 1806
(321, 317) : 1863
(321, 318) : 1913
(321, 319) : 1912
(321, 320) : 1930
(321, 321) : 1947
(321, 322) : 1984
(321, 333) : 2170
(323, 277) : 1031
(323, 308) : 1116
(323, 311) : 1250
(323, 377) : 679
(324, 332) : 2169
(324, 357) : 3274
(324, 358) : 3293
(324, 359) : 3254
(325, 301) : 738
(325, 302) : 739
(325, 354) : 3120
(325, 355) : 3184
(325, 360) : 3188
(325, 361) : 3100
(326, 349) : 2918
(326, 351) : 3003
(326, 353) : 3074
(326, 356) : 3224
(326, 362) : 3015
(327, 348) : 2837
(327, 350) : 2982
(327, 352) : 3030
(327, 363) : 2924
(327, 367) : 2537
(327, 374) : 1310
(327, 376) : 936
(327, 378) : 582
(327, 381) : 102
(328, 208) : 978
(328, 210) : 1207
(328, 276) : 752
(328, 279) : 843
(328, 282) : 959
(328, 343) : 2462
(328, 365) : 2765
(328, 366) : 2654
(328, 368) : 2402
(328, 369) : 2241
(328, 370) : 2070
(328, 371) : 1888
(328, 372) : 1694
(328, 373) : 1500
(328, 375) : 1117
(328, 377) : 761
(329, 205) : 569
(329, 206) : 697
(329, 212) : 1439
(329, 271) : 509
(329, 277) : 755
(329, 278) : 799
(329, 326) : 1769
(329, 328) : 1956
(329, 344) : 2618
(329, 345) : 2741
(329, 346) : 2829
(330, 204) : 451
(330, 207) : 876
(330, 284) : 917
(330, 318) : 1009
(330, 327) : 1855
(330, 329) : 2086
(330, 330) : 2209
(330, 331) : 2305
(330, 332) : 2360
(330, 347) : 2854
(330, 349) : 2940
(330, 376) : 929
(330, 377) : 758
(330, 378) : 584
(330, 379) : 436
(331, 202) : 164
(331, 203) : 311
(331, 218) : 1529
(331, 280) : 873
(331, 333) : 2371
(331, 334) : 2402
(331, 348) : 2905
(332, 208) : 770
(332, 219) : 1496
(332, 275) : 687
(332, 335) : 2447
(333, 209) : 887
(333, 210) : 999
(333, 211) : 1154
(333, 260) : 177
(333, 263) : 126
(333, 274) : 606
(333, 276) : 748
(333, 277) : 799
(333, 278) : 844
(333, 345) : 2755
(333, 346) : 2796
(333, 378) : 565
(333, 379) : 430
(333, 380) : 309
(334, 279) : 883
(334, 339) : 2712
(334, 343) : 2853
(334, 344) : 2812
(335, 280) : 885
(335, 281) : 836
(335, 315) : 292
(335, 333) : 2200
(335, 334) : 2312
(335, 335) : 2435
(335, 337) : 2602
(335, 338) : 2655
(335, 340) : 2766
(335, 341) : 2803
(335, 342) : 2851
(336, 258) : 192
(336, 259) : 206
(336, 271) : 269
(336, 313) : 106
(336, 314) : 177
(336, 331) : 2066
(336, 379) : 435
(336, 381) : 194
(337, 207) : 434
(337, 208) : 553
(337, 253) : 101
(337, 254) : 143
(337, 255) : 156
(337, 256) : 153
(337, 257) : 173
(337, 269) : 259
(337, 332) : 2113
(337, 354) : 2069
(337, 380) : 317
(338, 263) : 234
(338, 268) : 245
(338, 270) : 267
(338, 381) : 217
(338, 382) : 110
(339, 258) : 177
(339, 260) : 226
(339, 261) : 251
(339, 264) : 207
(339, 265) : 187
(339, 266) : 189
(339, 267) : 206
(339, 271) : 301
(339, 272) : 338
(340, 259) : 209
(340, 275) : 433
(340, 334) : 2092
(340, 335) : 2149
(341, 348) : 1955
(341, 349) : 1932
(341, 350) : 1911
(341, 355) : 2078
(341, 356) : 2140
(341, 357) : 2152
(341, 358) : 2126
(342, 347) : 2017
(342, 353) : 1943
(342, 376) : 549
(342, 377) : 465
(343, 374) : 705
(344, 350) : 1853
(344, 352) : 1910
(344, 355) : 2108
(345, 353) : 1969
(345, 354) : 2042
(348, 336) : 1547
(354, 469) : 187
(354, 470) : 259
(354, 471) : 300
(354, 472) : 308
(354, 473) : 304
(354, 474) : 287
(354, 475) : 285
(354, 476) : 285
(354, 477) : 286
(354, 478) : 268
(354, 479) : 208
(354, 480) : 143
(355, 327) : 802
(355, 468) : 122
(357, 324) : 437
(357, 325) : 555
(357, 326) : 676
(358, 323) : 323
(358, 357) : 537
(358, 358) : 486
(358, 359) : 406
(360, 486) : 207
(360, 487) : 314
(360, 489) : 491
(360, 490) : 561
(361, 324) : 451
(361, 488) : 412
(361, 491) : 598
(361, 492) : 628
(361, 493) : 659
(361, 496) : 819
(362, 323) : 364
(362, 494) : 724
(362, 495) : 781
(362, 497) : 840
(362, 498) : 816
(362, 501) : 724
(362, 502) : 653
(363, 356) : 660
(363, 499) : 798
(363, 500) : 768
(364, 320) : 214
(364, 321) : 251
(364, 322) : 295
(364, 357) : 587
(364, 503) : 574
(364, 504) : 468
(365, 318) : 125
(365, 319) : 163
(365, 358) : 503
(365, 368) : 298
(365, 369) : 258
(365, 370) : 197
(365, 371) : 113
(365, 505) : 347
(366, 365) : 377
(366, 366) : 372
(366, 367) : 333
(366, 504) : 463
(366, 506) : 217
(367, 359) : 488
(367, 362) : 464
(367, 363) : 454
(367, 364) : 416
(368, 360) : 506
(368, 361) : 502
(369, 505) : 301
(370, 506) : 337
(370, 507) : 305
(370, 508) : 254
(370, 509) : 163
(387, 360) : 124
(387, 361) : 141
(388, 362) : 145
(392, 382) : 467
(392, 383) : 511
(392, 384) : 547
(392, 385) : 565
(393, 370) : 371
(393, 371) : 386
(393, 372) : 408
(393, 373) : 418
(393, 374) : 396
(393, 375) : 375
(393, 376) : 361
(393, 377) : 350
(393, 378) : 356
(393, 379) : 367
(393, 380) : 394
(393, 381) : 416
(393, 386) : 552
(394, 369) : 372
(395, 361) : 128
(395, 362) : 235
(395, 363) : 320
(395, 364) : 385
(395, 385) : 484
(395, 386) : 569
(396, 365) : 410
(396, 366) : 431
(396, 367) : 434
(396, 368) : 406
(396, 387) : 651
(396, 388) : 699
(396, 389) : 724
(398, 382) : 177
(398, 383) : 207
(399, 325) : 508
(399, 389) : 714
(399, 390) : 785
(400, 313) : 336
(400, 319) : 724
(400, 320) : 695
(400, 321) : 687
(400, 322) : 691
(400, 330) : 145
(400, 381) : 163
(400, 391) : 808
(400, 392) : 801
(400, 393) : 770
(400, 394) : 749
(400, 395) : 735
(400, 406) : 358
(400, 496) : 148
(400, 497) : 151
(401, 314) : 456
(401, 318) : 742
(401, 367) : 372
(401, 368) : 425
(401, 377) : 182
(401, 378) : 168
(401, 380) : 159
(401, 396) : 746
(401, 397) : 754
(401, 398) : 764
(401, 399) : 744
(401, 400) : 686
(401, 414) : 474
(401, 415) : 484
(401, 466) : 124
(401, 467) : 166
(401, 491) : 126
(401, 492) : 131
(401, 493) : 103
(401, 495) : 103
(402, 369) : 470
(402, 382) : 158
(402, 385) : 270
(402, 411) : 512
(402, 412) : 497
(402, 413) : 469
(402, 416) : 496
(402, 417) : 515
(402, 418) : 505
(402, 468) : 175
(402, 469) : 148
(402, 489) : 121
(402, 490) : 120
(403, 311) : 122
(403, 379) : 163
(403, 383) : 184
(403, 401) : 617
(403, 402) : 586
(403, 403) : 551
(403, 410) : 526
(403, 419) : 521
(403, 420) : 514
(403, 421) : 484
(403, 422) : 430
(403, 423) : 377
(403, 470) : 112
(404, 312) : 251
(404, 313) : 415
(404, 317) : 797
(404, 318) : 842
(404, 369) : 481
(404, 370) : 546
(404, 372) : 624
(404, 404) : 536
(404, 405) : 506
(404, 409) : 537
(404, 425) : 302
(405, 314) : 567
(405, 315) : 685
(405, 316) : 744
(405, 319) : 864
(405, 320) : 903
(405, 406) : 507
(405, 408) : 539
(405, 426) : 289
(405, 427) : 298
(405, 428) : 276
(405, 429) : 215
(405, 430) : 181
(406, 431) : 166
(406, 432) : 143
(407, 318) : 821
(407, 373) : 685
(407, 374) : 721
(407, 386) : 422
(407, 387) : 453
(407, 388) : 495
(407, 406) : 518
(407, 474) : 103
(408, 321) : 968
(408, 322) : 986
(408, 323) : 958
(408, 324) : 922
(408, 325) : 893
(408, 326) : 878
(408, 327) : 867
(408, 407) : 516
(408, 422) : 186
(408, 423) : 139
(408, 480) : 169
(409, 289) : 129
(409, 290) : 122
(409, 291) : 130
(409, 292) : 174
(409, 293) : 194
(409, 294) : 193
(409, 317) : 763
(409, 319) : 896
(409, 320) : 942
(409, 328) : 857
(409, 329) : 863
(409, 390) : 459
(409, 398) : 388
(409, 478) : 226
(410, 287) : 157
(410, 288) : 162
(410, 295) : 185
(410, 296) : 149
(410, 318) : 824
(410, 330) : 847
(410, 331) : 844
(410, 391) : 442
(410, 405) : 441
(410, 472) : 120
(410, 475) : 190
(410, 476) : 209
(410, 477) : 224
(411, 332) : 853
(411, 369) : 648
(411, 370) : 742
(411, 371) : 832
(411, 375) : 908
(411, 392) : 443
(411, 393) : 443
(411, 396) : 412
(411, 397) : 384
(411, 409) : 478
(411, 473) : 160
(411, 474) : 191
(412, 316) : 732
(412, 368) : 537
(412, 372) : 903
(412, 383) : 642
(412, 384) : 619
(413, 317) : 767
(413, 333) : 891
(413, 373) : 958
(413, 377) : 870
(413, 380) : 749
(413, 381) : 707
(413, 386) : 580
(413, 410) : 442
(414, 313) : 642
(414, 334) : 965
(414, 374) : 963
(414, 378) : 853
(414, 379) : 807
(414, 411) : 417
(414, 412) : 377
(415, 314) : 726
(415, 315) : 789
(415, 317) : 743
(415, 375) : 933
(415, 376) : 893
(415, 381) : 713
(415, 382) : 679
(415, 413) : 301
(415, 470) : 148
(416, 294) : 306
(416, 295) : 380
(416, 296) : 419
(416, 300) : 453
(416, 301) : 461
(416, 312) : 603
(416, 313) : 659
(416, 316) : 821
(416, 335) : 1000
(416, 414) : 216
(417, 307) : 578
(417, 308) : 625
(417, 309) : 652
(417, 336) : 1006
(417, 373) : 957
(417, 374) : 951
(417, 375) : 934
(417, 377) : 845
(417, 378) : 821
(417, 400) : 758
(417, 415) : 163
(418, 310) : 645
(418, 311) : 631
(418, 312) : 600
(418, 315) : 743
(418, 337) : 946
(418, 338) : 888
(418, 379) : 842
(418, 384) : 685
(418, 399) : 802
(418, 401) : 705
(418, 411) : 382
(418, 416) : 133
(418, 418) : 111
(418, 473) : 412
(419, 292) : 291
(419, 297) : 467
(419, 298) : 493
(419, 300) : 560
(419, 317) : 751
(419, 340) : 828
(419, 374) : 961
(419, 388) : 775
(419, 389) : 828
(419, 398) : 821
(419, 400) : 766
(419, 402) : 691
(419, 407) : 660
(420, 290) : 194
(420, 291) : 242
(420, 293) : 333
(420, 299) : 526
(420, 304) : 639
(420, 305) : 630
(420, 314) : 610
(420, 341) : 841
(420, 355) : 649
(420, 356) : 541
(420, 357) : 466
(420, 358) : 437
(420, 380) : 879
(420, 381) : 842
(420, 382) : 797
(420, 411) : 382
(420, 412) : 273
(421, 294) : 379
(421, 295) : 412
(421, 306) : 608
(421, 307) : 588
(421, 308) : 587
(421, 317) : 782
(421, 354) : 793
(421, 400) : 765
(421, 408) : 628
(421, 409) : 587
(421, 427) : 189
(421, 428) : 105
(422, 296) : 429
(422, 300) : 592
(422, 301) : 630
(422, 302) : 646
(422, 303) : 644
(422, 318) : 694
(422, 342) : 884
(422, 343) : 928
(422, 353) : 975
(422, 397) : 853
(423, 297) : 470
(423, 299) : 532
(423, 319) : 585
(423, 344) : 985
(423, 345) : 1026
(423, 382) : 813
(423, 383) : 814
(423, 392) : 1017
(424, 291) : 185
(424, 293) : 293
(424, 294) : 329
(424, 295) : 381
(424, 298) : 518
(424, 305) : 597
(424, 306) : 568
(424, 307) : 583
(424, 308) : 535
(424, 320) : 517
(424, 340) : 757
(424, 377) : 998
(424, 378) : 978
(424, 379) : 964
(425, 292) : 238
(425, 321) : 491
(425, 337) : 711
(425, 338) : 718
(425, 339) : 718
(425, 342) : 888
(425, 343) : 933
(425, 346) : 1076
(425, 347) : 1143
(425, 349) : 1341
(425, 350) : 1406
(425, 351) : 1330
(425, 504) : 230
(425, 505) : 154
(426, 322) : 537
(426, 332) : 663
(426, 333) : 672
(426, 334) : 669
(426, 335) : 667
(426, 340) : 768
(426, 341) : 831
(426, 348) : 1236
(426, 353) : 904
(426, 406) : 812
(426, 407) : 738
(426, 408) : 697
(426, 409) : 670
(426, 410) : 617
(427, 289) : 148
(427, 290) : 193
(427, 291) : 197
(427, 323) : 497
(427, 324) : 414
(427, 325) : 396
(427, 326) : 425
(427, 327) : 467
(427, 329) : 511
(427, 330) : 576
(427, 331) : 624
(427, 373) : 1380
(427, 374) : 1313
(427, 375) : 1273
(427, 376) : 1230
(427, 389) : 1123
(427, 404) : 988
(427, 405) : 895
(427, 475) : 1016
(427, 477) : 1042
(427, 478) : 1063
(428, 288) : 118
(428, 301) : 270
(428, 302) : 278
(428, 312) : 358
(428, 313) : 370
(428, 316) : 338
(428, 328) : 481
(428, 372) : 1507
(428, 377) : 1237
(428, 403) : 1091
(428, 470) : 787
(428, 472) : 936
(428, 473) : 972
(428, 474) : 991
(428, 476) : 1049
(428, 479) : 1063
(428, 480) : 1053
(428, 481) : 1048
(428, 482) : 1051
(428, 483) : 1018
(428, 484) : 928
(429, 305) : 293
(429, 317) : 321
(429, 318) : 317
(429, 319) : 336
(429, 320) : 311
(429, 339) : 730
(429, 381) : 1093
(429, 410) : 602
(429, 427) : 616
(429, 428) : 479
(429, 429) : 346
(429, 430) : 305
(429, 431) : 316
(429, 432) : 319
(429, 433) : 292
(429, 468) : 613
(429, 469) : 702
(429, 471) : 869
(429, 475) : 1015
(429, 485) : 813
(429, 486) : 694
(430, 303) : 260
(430, 325) : 343
(430, 326) : 373
(430, 327) : 415
(430, 328) : 469
(430, 329) : 515
(430, 330) : 569
(430, 331) : 604
(430, 333) : 662
(430, 334) : 679
(430, 336) : 681
(430, 362) : 1724
(430, 363) : 1731
(430, 402) : 1248
(430, 403) : 1102
(430, 404) : 971
(430, 407) : 646
(430, 424) : 788
(430, 425) : 817
(430, 426) : 739
(430, 434) : 294
(430, 435) : 249
(430, 463) : 167
(430, 464) : 272
(430, 465) : 352
(430, 466) : 431
(430, 487) : 562
(430, 488) : 432
(431, 300) : 283
(431, 310) : 455
(431, 312) : 357
(431, 314) : 330
(431, 315) : 304
(431, 335) : 673
(431, 361) : 1681
(431, 364) : 1741
(431, 393) : 1311
(431, 399) : 1406
(431, 400) : 1410
(431, 401) : 1360
(431, 423) : 755
(431, 436) : 234
(431, 489) : 301
(432, 309) : 498
(432, 313) : 343
(432, 328) : 457
(432, 333) : 659
(432, 334) : 682
(432, 360) : 1632
(432, 367) : 1844
(432, 380) : 1279
(432, 381) : 1217
(432, 382) : 1217
(432, 391) : 1347
(432, 397) : 1410
(432, 398) : 1405
(432, 421) : 696
(432, 422) : 720
(432, 437) : 274
(432, 500) : 631
(433, 307) : 483
(433, 308) : 518
(433, 322) : 151
(433, 341) : 917
(433, 342) : 993
(433, 343) : 1088
(433, 344) : 1157
(433, 359) : 1660
(433, 365) : 1798
(433, 366) : 1848
(433, 371) : 1719
(433, 379) : 1375
(433, 383) : 1197
(433, 386) : 1267
(433, 387) : 1249
(433, 388) : 1247
(433, 389) : 1286
(433, 390) : 1335
(433, 392) : 1348
(433, 396) : 1398
(433, 415) : 879
(433, 416) : 807
(433, 417) : 765
(433, 418) : 750
(433, 438) : 364
(433, 442) : 152
(433, 493) : 332
(433, 494) : 414
(433, 495) : 501
(433, 496) : 578
(433, 497) : 651
(433, 498) : 685
(433, 499) : 662
(433, 501) : 563
(434, 306) : 438
(434, 335) : 703
(434, 345) : 1228
(434, 357) : 1762
(434, 358) : 1725
(434, 368) : 1842
(434, 369) : 1834
(434, 370) : 1805
(434, 378) : 1486
(434, 384) : 1251
(434, 385) : 1261
(434, 393) : 1372
(434, 394) : 1402
(434, 395) : 1404
(434, 414) : 950
(434, 439) : 411
(434, 441) : 276
(434, 502) : 487
(434, 503) : 413
(435, 295) : 179
(435, 296) : 229
(435, 297) : 273
(435, 298) : 303
(435, 299) : 322
(435, 300) : 330
(435, 304) : 477
(435, 305) : 470
(435, 321) : 115
(435, 340) : 876
(435, 347) : 1341
(435, 349) : 1471
(435, 350) : 1533
(435, 351) : 1576
(435, 352) : 1599
(435, 353) : 1622
(435, 354) : 1650
(435, 355) : 1703
(435, 356) : 1753
(435, 372) : 1633
(435, 373) : 1640
(435, 374) : 1648
(435, 375) : 1614
(435, 376) : 1593
(435, 377) : 1566
(435, 419) : 762
(435, 440) : 384
(435, 486) : 453
(435, 492) : 288
(435, 505) : 309
(435, 506) : 275
(435, 507) : 229
(435, 508) : 186
(436, 294) : 133
(436, 301) : 353
(436, 302) : 400
(436, 303) : 426
(436, 337) : 799
(436, 339) : 871
(436, 348) : 1410
(436, 359) : 1649
(436, 360) : 1625
(436, 378) : 1489
(436, 420) : 767
(436, 487) : 496
(437, 276) : 137
(437, 277) : 147
(437, 281) : 172
(437, 293) : 108
(437, 338) : 848
(437, 347) : 1344
(437, 361) : 1680
(437, 362) : 1743
(437, 363) : 1774
(437, 364) : 1769
(437, 365) : 1762
(437, 379) : 1463
(437, 393) : 1426
(437, 394) : 1396
(437, 412) : 1106
(437, 413) : 1022
(437, 414) : 942
(437, 415) : 860
(437, 421) : 776
(437, 488) : 527
(437, 489) : 510
(437, 490) : 452
(437, 491) : 352
(438, 275) : 149
(438, 278) : 161
(438, 279) : 153
(438, 280) : 157
(438, 282) : 164
(438, 339) : 885
(438, 380) : 1472
(438, 381) : 1432
(438, 382) : 1401
(438, 383) : 1344
(438, 384) : 1225
(438, 391) : 1371
(438, 392) : 1425
(438, 416) : 814
(438, 417) : 805
(438, 418) : 781
(438, 419) : 727
(439, 274) : 174
(439, 307) : 403
(439, 340) : 933
(439, 345) : 1248
(439, 346) : 1291
(439, 385) : 1121
(439, 399) : 1205
(439, 400) : 1184
(439, 401) : 1163
(439, 410) : 1204
(439, 411) : 1144
(439, 422) : 814
(440, 229) : 427
(440, 230) : 335
(440, 231) : 260
(440, 269) : 346
(440, 270) : 331
(440, 271) : 304
(440, 272) : 271
(440, 273) : 224
(440, 276) : 149
(440, 277) : 149
(440, 278) : 155
(440, 282) : 183
(440, 283) : 181
(440, 284) : 173
(440, 329) : 204
(440, 341) : 980
(440, 342) : 1052
(440, 343) : 1120
(440, 344) : 1193
(440, 380) : 1447
(440, 386) : 1084
(440, 408) : 1256
(440, 409) : 1232
(440, 462) : 123
(440, 493) : 170
(440, 504) : 443
(441, 268) : 347
(441, 281) : 168
(441, 285) : 147
(441, 286) : 141
(441, 287) : 115
(441, 289) : 123
(441, 290) : 115
(441, 311) : 340
(441, 327) : 168
(441, 328) : 181
(441, 387) : 1126
(441, 388) : 1238
(441, 389) : 1339
(441, 390) : 1361
(441, 396) : 1242
(441, 397) : 1212
(441, 406) : 1310
(441, 407) : 1276
(441, 413) : 952
(441, 414) : 914
(441, 415) : 892
(441, 416) : 854
(441, 417) : 796
(441, 418) : 757
(441, 419) : 697
(441, 420) : 638
(441, 423) : 845
(441, 503) : 458
(441, 511) : 275
(441, 512) : 203
(442, 267) : 343
(442, 271) : 308
(442, 272) : 278
(442, 312) : 292
(442, 313) : 248
(442, 314) : 200
(442, 315) : 183
(442, 336) : 608
(442, 338) : 754
(442, 380) : 1458
(442, 381) : 1411
(442, 424) : 833
(442, 492) : 166
(442, 509) : 376
(442, 510) : 339
(443, 232) : 251
(443, 233) : 148
(443, 273) : 219
(443, 276) : 105
(443, 316) : 142
(443, 332) : 377
(443, 333) : 412
(443, 334) : 464
(443, 335) : 533
(443, 382) : 1348
(443, 394) : 1162
(443, 405) : 1337
(443, 406) : 1306
(443, 425) : 782
(443, 506) : 422
(443, 507) : 406
(443, 508) : 398
(444, 230) : 470
(444, 231) : 364
(444, 265) : 346
(444, 266) : 354
(444, 274) : 171
(444, 279) : 233
(444, 300) : 160
(444, 301) : 197
(444, 317) : 104
(444, 327) : 120
(444, 328) : 177
(444, 330) : 274
(444, 331) : 330
(444, 346) : 1012
(444, 426) : 708
(444, 427) : 680
(444, 491) : 182
(444, 504) : 458
(444, 505) : 441
(445, 229) : 564
(445, 264) : 313
(445, 278) : 201
(445, 280) : 230
(445, 281) : 210
(445, 282) : 161
(445, 283) : 130
(445, 285) : 115
(445, 292) : 123
(445, 293) : 121
(445, 299) : 147
(445, 347) : 1086
(445, 348) : 1175
(445, 349) : 1238
(445, 350) : 1292
(445, 351) : 1314
(445, 352) : 1275
(445, 383) : 1281
(445, 384) : 1203
(445, 402) : 1347
(445, 403) : 1351
(445, 404) : 1356
(445, 419) : 671
(445, 420) : 635
(445, 421) : 587
(445, 428) : 646
(445, 429) : 618
(445, 430) : 580
(445, 431) : 510
(445, 506) : 427
(446, 228) : 710
(446, 266) : 351
(446, 277) : 166
(446, 295) : 162
(446, 296) : 200
(446, 306) : 600
(446, 307) : 637
(446, 308) : 623
(446, 309) : 557
(446, 354) : 1129
(446, 355) : 1069
(446, 357) : 798
(446, 358) : 617
(446, 385) : 1094
(446, 386) : 989
(446, 399) : 1212
(446, 400) : 1268
(446, 422) : 559
(446, 423) : 550
(446, 432) : 479
(446, 433) : 430
(446, 434) : 372
(446, 435) : 287
(446, 436) : 183
(446, 500) : 564
(446, 505) : 449
(447, 224) : 1352
(447, 225) : 1199
(447, 226) : 1043
(447, 227) : 883
(447, 267) : 388
(447, 268) : 407
(447, 269) : 404
(447, 285) : 124
(447, 286) : 139
(447, 287) : 149
(447, 288) : 168
(447, 289) : 191
(447, 310) : 484
(447, 311) : 416
(447, 312) : 333
(447, 313) : 252
(447, 314) : 213
(447, 339) : 592
(447, 410) : 961
(447, 497) : 574
(447, 498) : 586
(447, 499) : 577
(447, 501) : 557
(447, 502) : 556
(447, 503) : 527
(447, 504) : 485
(448, 222) : 1628
(448, 223) : 1501
(448, 264) : 298
(448, 265) : 306
(448, 270) : 416
(448, 272) : 398
(448, 273) : 350
(448, 290) : 209
(448, 291) : 206
(448, 304) : 571
(448, 305) : 601
(448, 331) : 238
(448, 334) : 386
(448, 335) : 415
(448, 365) : 453
(448, 366) : 557
(448, 462) : 181
(448, 494) : 456
(448, 495) : 505
(448, 496) : 539
(449, 220) : 1802
(449, 221) : 1732
(449, 259) : 148
(449, 260) : 219
(449, 274) : 290
(449, 282) : 141
(449, 283) : 135
(449, 284) : 101
(449, 302) : 440
(449, 303) : 506
(449, 332) : 319
(449, 333) : 378
(449, 337) : 589
(449, 338) : 628
(449, 363) : 200
(449, 364) : 343
(449, 493) : 413
(450, 219) : 1829
(450, 261) : 268
(450, 294) : 222
(450, 295) : 233
(450, 296) : 282
(450, 297) : 333
(450, 300) : 362
(450, 301) : 374
(450, 346) : 859
(450, 468) : 672
(450, 491) : 348
(450, 492) : 380
(451, 218) : 1819
(451, 262) : 320
(451, 263) : 351
(451, 265) : 360
(451, 271) : 375
(451, 272) : 367
(451, 273) : 342
(451, 274) : 301
(451, 275) : 276
(451, 276) : 264
(451, 278) : 215
(451, 279) : 218
(451, 298) : 368
(451, 299) : 375
(451, 335) : 429
(451, 343) : 663
(451, 345) : 812
(451, 393) : 255
(451, 394) : 282
(451, 395) : 382
(451, 470) : 675
(451, 490) : 308
(452, 264) : 356
(452, 266) : 366
(452, 277) : 241
(452, 280) : 230
(452, 281) : 220
(452, 282) : 137
(452, 283) : 105
(452, 284) : 123
(452, 285) : 127
(452, 291) : 229
(452, 292) : 241
(452, 339) : 632
(452, 344) : 778
(452, 347) : 874
(452, 348) : 894
(452, 351) : 801
(452, 353) : 669
(452, 356) : 631
(452, 357) : 639
(452, 364) : 317
(452, 469) : 673
(452, 471) : 706
(453, 216) : 1865
(453, 217) : 1860
(453, 267) : 374
(453, 268) : 389
(453, 269) : 382
(453, 270) : 354
(453, 286) : 135
(453, 289) : 203
(453, 290) : 231
(453, 297) : 335
(453, 308) : 325
(453, 309) : 427
(453, 310) : 410
(453, 311) : 303
(453, 332) : 275
(453, 333) : 326
(453, 340) : 658
(453, 341) : 676
(453, 342) : 686
(453, 343) : 735
(453, 349) : 872
(453, 358) : 615
(453, 359) : 566
(453, 360) : 518
(453, 363) : 313
(453, 467) : 734
(453, 468) : 694
(453, 472) : 698
(454, 212) : 2094
(454, 213) : 1979
(454, 214) : 1994
(454, 215) : 1955
(454, 274) : 245
(454, 287) : 136
(454, 293) : 248
(454, 330) : 140
(454, 331) : 224
(454, 334) : 396
(454, 335) : 442
(454, 336) : 482
(454, 345) : 730
(454, 361) : 446
(454, 362) : 358
(454, 403) : 862
(454, 465) : 707
(454, 466) : 750
(454, 473) : 656
(454, 488) : 361
(454, 489) : 341
(454, 492) : 277
(454, 493) : 312
(454, 494) : 288
(454, 495) : 263
(455, 216) : 1838
(455, 275) : 241
(455, 286) : 120
(455, 295) : 304
(455, 296) : 322
(455, 354) : 554
(455, 404) : 850
(455, 405) : 808
(455, 463) : 537
(455, 464) : 626
(455, 486) : 431
(455, 487) : 383
(455, 490) : 307
(455, 491) : 270
(456, 208) : 2526
(456, 209) : 2483
(456, 210) : 2401
(456, 213) : 1986
(456, 274) : 246
(456, 355) : 509
(456, 356) : 490
(456, 406) : 782
(456, 407) : 744
(456, 411) : 489
(456, 412) : 476
(456, 462) : 449
(456, 473) : 652
(456, 474) : 708
(456, 475) : 747
(456, 476) : 707
(456, 484) : 479
(457, 206) : 2528
(457, 207) : 2535
(457, 272) : 270
(457, 273) : 249
(457, 277) : 155
(457, 294) : 273
(457, 295) : 315
(457, 372) : 109
(457, 373) : 118
(457, 382) : 145
(457, 390) : 135
(457, 391) : 143
(457, 408) : 682
(457, 409) : 630
(457, 410) : 531
(457, 461) : 338
(457, 477) : 655
(457, 478) : 618
(457, 479) : 600
(457, 482) : 530
(457, 483) : 487
(458, 204) : 2464
(458, 205) : 2490
(458, 270) : 252
(458, 278) : 123
(458, 289) : 134
(458, 290) : 155
(458, 291) : 175
(458, 346) : 429
(458, 376) : 213
(458, 377) : 179
(458, 381) : 116
(458, 480) : 587
(458, 481) : 568
(459, 202) : 2389
(459, 203) : 2423
(459, 275) : 195
(459, 293) : 230
(459, 308) : 258
(459, 378) : 168
(459, 460) : 256
(459, 490) : 197
(460, 199) : 2107
(460, 200) : 2209
(460, 201) : 2293
(460, 276) : 183
(460, 289) : 123
(460, 292) : 219
(461, 198) : 2085
(461, 267) : 200
(461, 268) : 182
(461, 269) : 189
(461, 272) : 210
(461, 273) : 168
(461, 275) : 177
(461, 307) : 242
(461, 355) : 389
(461, 460) : 258
(461, 491) : 183
(461, 492) : 175
(461, 493) : 189
(461, 494) : 208
(461, 495) : 131
(462, 197) : 2040
(462, 266) : 203
(462, 274) : 163
(462, 276) : 164
(462, 306) : 248
(462, 349) : 301
(462, 350) : 305
(462, 354) : 366
(462, 377) : 202
(462, 414) : 169
(462, 459) : 234
(463, 193) : 1888
(463, 194) : 1959
(463, 195) : 2008
(463, 196) : 2023
(463, 278) : 111
(463, 289) : 119
(463, 302) : 363
(463, 303) : 389
(463, 304) : 348
(463, 305) : 278
(463, 352) : 288
(463, 353) : 323
(463, 357) : 310
(463, 358) : 225
(463, 359) : 137
(463, 378) : 300
(463, 379) : 354
(463, 380) : 343
(463, 381) : 263
(463, 382) : 135
(463, 410) : 313
(463, 413) : 227
(463, 467) : 240
(464, 277) : 139
(464, 287) : 101
(464, 288) : 107
(464, 291) : 242
(464, 399) : 156
(464, 400) : 231
(464, 401) : 279
(464, 411) : 270
(464, 412) : 250
(464, 464) : 208
(464, 465) : 215
(464, 486) : 103
(464, 489) : 125
(464, 492) : 213
(465, 190) : 1839
(465, 191) : 1856
(465, 192) : 1862
(465, 274) : 174
(465, 275) : 166
(465, 289) : 136
(465, 290) : 191
(465, 292) : 257
(465, 301) : 279
(465, 458) : 224
(465, 459) : 226
(465, 466) : 215
(465, 468) : 233
(465, 491) : 207
(466, 166) : 164
(466, 185) : 1621
(466, 186) : 1690
(466, 187) : 1729
(466, 188) : 1767
(466, 189) : 1806
(466, 293) : 235
(466, 306) : 153
(466, 307) : 112
(466, 462) : 221
(466, 464) : 216
(467, 167) : 303
(467, 168) : 430
(467, 169) : 543
(467, 177) : 1251
(467, 183) : 1582
(467, 184) : 1565
(467, 288) : 108
(467, 299) : 233
(467, 391) : 112
(467, 392) : 112
(467, 413) : 148
(467, 461) : 218
(467, 465) : 220
(467, 466) : 213
(467, 467) : 225
(467, 480) : 101
(467, 490) : 198
(467, 495) : 327
(467, 496) : 340
(467, 497) : 241
(468, 170) : 649
(468, 171) : 715
(468, 172) : 787
(468, 173) : 868
(468, 175) : 1035
(468, 176) : 1151
(468, 178) : 1353
(468, 179) : 1430
(468, 180) : 1493
(468, 181) : 1530
(468, 182) : 1546
(468, 294) : 209
(468, 295) : 217
(468, 296) : 204
(468, 297) : 188
(468, 298) : 194
(468, 414) : 123
(468, 460) : 226
(468, 462) : 216
(468, 463) : 215
(468, 464) : 214
(468, 468) : 222
(468, 484) : 105
(468, 486) : 125
(468, 489) : 206
(468, 494) : 225
(469, 174) : 958
(469, 272) : 101
(469, 273) : 113
(469, 274) : 132
(469, 275) : 122
(469, 386) : 152
(469, 387) : 196
(469, 388) : 189
(469, 389) : 172
(469, 390) : 135
(469, 411) : 117
(469, 412) : 163
(469, 413) : 146
(469, 456) : 164
(469, 457) : 226
(469, 458) : 249
(469, 459) : 243
(469, 469) : 309
(469, 470) : 417
(469, 480) : 106
(469, 485) : 138
(469, 493) : 120
(470, 276) : 131
(470, 278) : 110
(470, 385) : 119
(470, 468) : 273
(470, 471) : 515
(471, 277) : 138
(471, 462) : 198
(471, 463) : 209
(471, 464) : 227
(471, 465) : 220
(473, 466) : 285
(473, 467) : 345
(473, 485) : 267
(474, 468) : 409
(474, 469) : 518
(474, 472) : 887
(474, 486) : 317
(475, 470) : 705
(475, 471) : 839
(475, 473) : 920
(475, 483) : 418
(475, 484) : 336
(475, 485) : 281
(475, 487) : 369
(476, 491) : 499
(476, 492) : 432
(476, 493) : 326
(476, 494) : 183
(477, 453) : 180
(477, 454) : 227
(477, 455) : 268
(477, 474) : 944
(477, 475) : 988
(477, 488) : 475
(477, 489) : 588
(477, 490) : 560
(478, 461) : 515
(478, 462) : 523
(478, 463) : 531
(478, 470) : 713
(478, 476) : 1038
(478, 477) : 1056
(478, 478) : 1018
(478, 479) : 911
(478, 480) : 864
(479, 458) : 463
(479, 459) : 504
(479, 460) : 518
(479, 465) : 611
(479, 468) : 650
(479, 469) : 651
(479, 488) : 486
(480, 481) : 808
(480, 482) : 770
(481, 453) : 137
(481, 454) : 166
(481, 459) : 495
(481, 466) : 619
(481, 467) : 640
(481, 478) : 948
(481, 483) : 722
(481, 484) : 650
(481, 486) : 543
(481, 487) : 480
(482, 458) : 468
(482, 460) : 511
(482, 464) : 590
(482, 465) : 595
(482, 468) : 678
(482, 470) : 729
(482, 475) : 837
(482, 485) : 586
(483, 456) : 353
(483, 457) : 419
(483, 461) : 520
(483, 463) : 561
(483, 467) : 637
(483, 469) : 703
(483, 471) : 752
(483, 472) : 773
(483, 479) : 903
(483, 480) : 852
(484, 454) : 212
(484, 455) : 271
(484, 466) : 608
(484, 470) : 727
(484, 483) : 619
(485, 304) : 190
(485, 305) : 134
(485, 452) : 130
(485, 459) : 431
(485, 461) : 512
(485, 462) : 530
(485, 469) : 703
(485, 471) : 730
(485, 473) : 745
(485, 474) : 748
(485, 485) : 503
(485, 488) : 217
(486, 300) : 212
(486, 301) : 260
(486, 302) : 277
(486, 303) : 245
(486, 468) : 674
(486, 486) : 427
(486, 487) : 341
(487, 455) : 251
(487, 456) : 302
(487, 464) : 526
(487, 465) : 571
(487, 466) : 615
(488, 449) : 114
(488, 450) : 133
(488, 451) : 152
(488, 453) : 173
(488, 460) : 436
(488, 475) : 705
(488, 476) : 709
(488, 477) : 713
(489, 300) : 199
(489, 455) : 272
(489, 456) : 288
(489, 457) : 313
(490, 298) : 237
(490, 299) : 213
(490, 462) : 447
(490, 469) : 634
(491, 296) : 182
(491, 297) : 231
(491, 449) : 112
(491, 464) : 482
(492, 450) : 119
(492, 451) : 155
(492, 462) : 450
(493, 452) : 168
(493, 456) : 312
(493, 457) : 342
(493, 460) : 406
(493, 461) : 437
(493, 463) : 466
(494, 453) : 209
(494, 454) : 253
(494, 473) : 588
(494, 477) : 600
(494, 478) : 549
(494, 482) : 300
(494, 483) : 243
(495, 472) : 611
(495, 479) : 516
(495, 480) : 454
(495, 481) : 375
(496, 455) : 292
(497, 456) : 368
(497, 457) : 445
(497, 464) : 646
(497, 465) : 657
(497, 466) : 679
(497, 467) : 673
(497, 468) : 682
(497, 469) : 686
(497, 470) : 675
(497, 471) : 648
(497, 472) : 608
(498, 463) : 677
(499, 461) : 676
(499, 462) : 687
(500, 460) : 658
(501, 458) : 623
(501, 459) : 647
(501, 474) : 423
(502, 457) : 607
(502, 472) : 374
(502, 480) : 242
(502, 481) : 174
(503, 453) : 442
(503, 455) : 570
(503, 471) : 389
(503, 473) : 400
(504, 454) : 512
(505, 472) : 415
(505, 473) : 423
(505, 474) : 481
(505, 477) : 409
(506, 459) : 372
(506, 460) : 373
(506, 475) : 509
(506, 476) : 460
(507, 447) : 162
(507, 448) : 246
(507, 449) : 350
(507, 480) : 138
(508, 450) : 438
(508, 452) : 554
(508, 457) : 397
(508, 458) : 387
(509, 451) : 523
(510, 447) : 104
(510, 452) : 576
